   0.75218    0.75188    0.75154    0.75113    0.75066    0.75014    0.74958    0.74896    0.74831    0.74761    0.74687    0.74609    0.74529    0.74445    0.74359    0.74271    0.74182    0.74092    0.74003    0.73915    0.73828    0.73743    0.73662    0.73583    0.73508    0.73438    0.73373    0.73315    0.73267    0.73231
   0.75215    0.75137    0.75045    0.74928    0.74790    0.74634    0.74460    0.74271    0.74068    0.73850    0.73619    0.73375    0.73120    0.72854    0.72579    0.72298    0.72010    0.71720    0.71429    0.71139    0.70853    0.70573    0.70301    0.70039    0.69791    0.69560    0.69351    0.69170    0.69027    0.68929
   0.75213    0.75120    0.75010    0.74869    0.74702    0.74512    0.74301    0.74071    0.73822    0.73556    0.73273    0.72974    0.72660    0.72332    0.71993    0.71644    0.71287    0.70926    0.70564    0.70202    0.69845    0.69495    0.69154    0.68826    0.68514    0.68224    0.67962    0.67736    0.67558    0.67435
   0.75213    0.75120    0.75010    0.74869    0.74702    0.74512    0.74301    0.74071    0.73822    0.73556    0.73272    0.72973    0.72659    0.72331    0.71992    0.71643    0.71286    0.70925    0.70561    0.70200    0.69842    0.69491    0.69150    0.68822    0.68510    0.68219    0.67957    0.67731    0.67552    0.67429
   0.75215    0.75137    0.75045    0.74928    0.74789    0.74632    0.74458    0.74269    0.74065    0.73846    0.73615    0.73371    0.73115    0.72848    0.72573    0.72290    0.72002    0.71710    0.71418    0.71127    0.70839    0.70558    0.70285    0.70022    0.69772    0.69540    0.69330    0.69148    0.69004    0.68905
   0.75218    0.75187    0.75152    0.75110    0.75062    0.75009    0.74952    0.74889    0.74822    0.74751    0.74676    0.74597    0.74515    0.74429    0.74341    0.74251    0.74160    0.74069    0.73977    0.73886    0.73797    0.73710    0.73626    0.73545    0.73468    0.73395    0.73328    0.73268    0.73217    0.73180
   0.75218    0.75187    0.75152    0.75109    0.75062    0.75009    0.74951    0.74888    0.74821    0.74750    0.74675    0.74596    0.74513    0.74427    0.74339    0.74249    0.74158    0.74066    0.73974    0.73884    0.73794    0.73707    0.73623    0.73541    0.73464    0.73391    0.73324    0.73264    0.73214    0.73176
   0.75215    0.75166    0.75111    0.75046    0.74972    0.74892    0.74804    0.74709    0.74607    0.74499    0.74384    0.74263    0.74137    0.74005    0.73870    0.73731    0.73590    0.73448    0.73305    0.73164    0.73025    0.72888    0.72756    0.72628    0.72506    0.72390    0.72283    0.72185    0.72103    0.72041
   0.75210    0.75099    0.74971    0.74809    0.74619    0.74405    0.74170    0.73913    0.73636    0.73340    0.73023    0.72689    0.72336    0.71967    0.71584    0.71188    0.70782    0.70370    0.69954    0.69539    0.69126    0.68719    0.68321    0.67935    0.67566    0.67218    0.66898    0.66617    0.66391    0.66232
   0.75207    0.75101    0.74980    0.74834    0.74665    0.74478    0.74272    0.74048    0.73807    0.73548    0.73273    0.72982    0.72676    0.72356    0.72023    0.71681    0.71331    0.70976    0.70619    0.70264    0.69913    0.69569    0.69234    0.68910    0.68600    0.68308    0.68036    0.67794    0.67592    0.67446
   0.75207    0.75080    0.74933    0.74750    0.74536    0.74296    0.74031    0.73741    0.73429    0.73093    0.72735    0.72355    0.71955    0.71534    0.71096    0.70644    0.70179    0.69706    0.69230    0.68755    0.68284    0.67822    0.67370    0.66933    0.66515    0.66120    0.65757    0.65436    0.65176    0.64992
   0.75207    0.75101    0.74980    0.74834    0.74665    0.74478    0.74271    0.74048    0.73806    0.73548    0.73273    0.72981    0.72675    0.72355    0.72022    0.71679    0.71329    0.70974    0.70617    0.70261    0.69910    0.69565    0.69230    0.68906    0.68595    0.68302    0.68030    0.67788    0.67586    0.67439
   0.75210    0.75099    0.74970    0.74808    0.74618    0.74404    0.74169    0.73912    0.73635    0.73338    0.73021    0.72686    0.72334    0.71964    0.71581    0.71184    0.70778    0.70366    0.69949    0.69532    0.69119    0.68711    0.68312    0.67926    0.67555    0.67206    0.66885    0.66603    0.66376    0.66217
   0.75215    0.75166    0.75111    0.75046    0.74973    0.74893    0.74806    0.74711    0.74610    0.74502    0.74388    0.74268    0.74142    0.74011    0.73876    0.73738    0.73598    0.73456    0.73315    0.73174    0.73035    0.72900    0.72768    0.72641    0.72520    0.72405    0.72297    0.72201    0.72118    0.72057
   0.75219    0.75188    0.75154    0.75114    0.75067    0.75015    0.74959    0.74898    0.74833    0.74763    0.74690    0.74612    0.74532    0.74449    0.74363    0.74276    0.74187    0.74098    0.74009    0.73921    0.73835    0.73751    0.73669    0.73591    0.73517    0.73447    0.73382    0.73325    0.73277    0.73241
   0.75215    0.75137    0.75045    0.74927    0.74789    0.74632    0.74458    0.74268    0.74064    0.73846    0.73614    0.73370    0.73114    0.72848    0.72572    0.72289    0.72001    0.71710    0.71418    0.71127    0.70839    0.70558    0.70285    0.70022    0.69773    0.69541    0.69330    0.69149    0.69005    0.68906
   0.75209    0.75099    0.74970    0.74807    0.74617    0.74403    0.74167    0.73910    0.73632    0.73335    0.73018    0.72682    0.72329    0.71959    0.71574    0.71178    0.70771    0.70357    0.69940    0.69523    0.69108    0.68700    0.68300    0.67913    0.67542    0.67192    0.66871    0.66589    0.66361    0.66202
   0.75207    0.75105    0.74990    0.74853    0.74697    0.74524    0.74336    0.74133    0.73914    0.73680    0.73431    0.73167    0.72889    0.72599    0.72298    0.71987    0.71670    0.71347    0.71023    0.70700    0.70381    0.70066    0.69760    0.69462    0.69176    0.68903    0.68649    0.68419    0.68226    0.68084
   0.75206    0.75077    0.74928    0.74745    0.74535    0.74301    0.74044    0.73765    0.73464    0.73142    0.72797    0.72431    0.72044    0.71639    0.71216    0.70778    0.70329    0.69872    0.69411    0.68952    0.68498    0.68052    0.67616    0.67193    0.66786    0.66400    0.66041    0.65722    0.65459    0.65272
   0.75205    0.75096    0.74973    0.74827    0.74661    0.74479    0.74279    0.74064    0.73832    0.73583    0.73319    0.73039    0.72744    0.72435    0.72115    0.71786    0.71450    0.71112    0.70776    0.70449    0.70132    0.69827    0.69534    0.69254    0.68988    0.68736    0.68501    0.68289    0.68110    0.67978
   0.75205    0.75096    0.74973    0.74827    0.74662    0.74479    0.74280    0.74065    0.73833    0.73585    0.73320    0.73040    0.72746    0.72438    0.72118    0.71788    0.71453    0.71115    0.70779    0.70452    0.70135    0.69830    0.69538    0.69258    0.68992    0.68740    0.68505    0.68293    0.68114    0.67983
   0.75206    0.75077    0.74929    0.74746    0.74536    0.74302    0.74046    0.73767    0.73467    0.73144    0.72800    0.72434    0.72048    0.71643    0.71221    0.70783    0.70335    0.69878    0.69418    0.68960    0.68506    0.68060    0.67625    0.67202    0.66796    0.66410    0.66052    0.65733    0.65470    0.65283
   0.75207    0.75106    0.74991    0.74854    0.74699    0.74527    0.74340    0.74137    0.73919    0.73686    0.73438    0.73175    0.72898    0.72609    0.72309    0.72000    0.71683    0.71362    0.71039    0.70718    0.70399    0.70086    0.69781    0.69485    0.69200    0.68929    0.68675    0.68446    0.68254    0.68112
   0.75210    0.75100    0.74972    0.74810    0.74622    0.74409    0.74175    0.73919    0.73644    0.73348    0.73033    0.72700    0.72349    0.71982    0.71601    0.71207    0.70804    0.70393    0.69980    0.69566    0.69155    0.68751    0.68355    0.67972    0.67605    0.67258    0.66941    0.66662    0.66437    0.66279
   0.75215    0.75137    0.75046    0.74930    0.74792    0.74637    0.74464    0.74276    0.74073    0.73857    0.73627    0.73384    0.73130    0.72866    0.72593    0.72312    0.72026    0.71737    0.71448    0.71159    0.70875    0.70596    0.70326    0.70066    0.69819    0.69590    0.69382    0.69203    0.69060    0.68963
   0.75213    0.75120    0.75010    0.74869    0.74702    0.74512    0.74301    0.74071    0.73823    0.73557    0.73274    0.72975    0.72661    0.72334    0.71995    0.71646    0.71290    0.70929    0.70566    0.70205    0.69848    0.69498    0.69158    0.68830    0.68519    0.68230    0.67968    0.67742    0.67564    0.67442
   0.75207    0.75101    0.74980    0.74834    0.74665    0.74478    0.74272    0.74048    0.73807    0.73549    0.73274    0.72983    0.72677    0.72357    0.72024    0.71682    0.71332    0.70977    0.70621    0.70266    0.69915    0.69571    0.69236    0.68913    0.68603    0.68310    0.68039    0.67797    0.67595    0.67449
   0.75206    0.75077    0.74928    0.74745    0.74534    0.74300    0.74043    0.73764    0.73463    0.73140    0.72795    0.72429    0.72042    0.71636    0.71213    0.70775    0.70325    0.69868    0.69407    0.68948    0.68493    0.68046    0.67610    0.67187    0.66780    0.66394    0.66035    0.65715    0.65452    0.65265
   0.75205    0.75095    0.74971    0.74823    0.74655    0.74471    0.74271    0.74054    0.73821    0.73571    0.73306    0.73025    0.72729    0.72419    0.72098    0.71766    0.71428    0.71087    0.70745    0.70408    0.70076    0.69753    0.69439    0.69137    0.68846    0.68570    0.68311    0.68075    0.67873    0.67724
   0.75206    0.75078    0.74932    0.74753    0.74547    0.74319    0.74069    0.73799    0.73508    0.73196    0.72863    0.72510    0.72137    0.71746    0.71340    0.70920    0.70492    0.70060    0.69630    0.69211    0.68807    0.68417    0.68043    0.67686    0.67346    0.67024    0.66726    0.66460    0.66240    0.66083
   0.75206    0.75078    0.74933    0.74754    0.74549    0.74320    0.74071    0.73801    0.73510    0.73198    0.72865    0.72513    0.72141    0.71751    0.71346    0.70929    0.70506    0.70083    0.69675    0.69310    0.68991    0.68698    0.68432    0.68192    0.67969    0.67761    0.67569    0.67399    0.67259    0.67159
   0.75206    0.75078    0.74932    0.74753    0.74548    0.74320    0.74071    0.73801    0.73511    0.73199    0.72867    0.72514    0.72142    0.71752    0.71346    0.70928    0.70500    0.70069    0.69640    0.69222    0.68818    0.68429    0.68056    0.67700    0.67360    0.67039    0.66742    0.66476    0.66257    0.66100
   0.75205    0.75095    0.74972    0.74824    0.74658    0.74474    0.74274    0.74058    0.73826    0.73578    0.73313    0.73033    0.72738    0.72430    0.72109    0.71780    0.71443    0.71103    0.70762    0.70426    0.70095    0.69774    0.69461    0.69160    0.68871    0.68596    0.68338    0.68103    0.67902    0.67754
   0.75206    0.75077    0.74930    0.74748    0.74538    0.74305    0.74050    0.73772    0.73473    0.73151    0.72808    0.72444    0.72059    0.71656    0.71234    0.70799    0.70352    0.69897    0.69439    0.68982    0.68530    0.68086    0.67653    0.67232    0.66828    0.66444    0.66088    0.65770    0.65509    0.65323
   0.75207    0.75102    0.74982    0.74836    0.74669    0.74482    0.74277    0.74055    0.73815    0.73558    0.73285    0.72995    0.72691    0.72372    0.72042    0.71701    0.71353    0.71000    0.70646    0.70293    0.69944    0.69603    0.69270    0.68948    0.68640    0.68350    0.68080    0.67840    0.67640    0.67494
   0.75213    0.75121    0.75011    0.74871    0.74705    0.74516    0.74306    0.74077    0.73830    0.73565    0.73283    0.72986    0.72673    0.72348    0.72010    0.71663    0.71309    0.70950    0.70589    0.70230    0.69875    0.69526    0.69188    0.68862    0.68553    0.68265    0.68004    0.67780    0.67602    0.67481
   0.75213    0.75120    0.75011    0.74870    0.74703    0.74513    0.74303    0.74073    0.73825    0.73559    0.73276    0.72978    0.72664    0.72338    0.71999    0.71651    0.71295    0.70935    0.70574    0.70213    0.69857    0.69507    0.69168    0.68841    0.68531    0.68242    0.67981    0.67756    0.67578    0.67456
   0.75207    0.75080    0.74934    0.74750    0.74537    0.74297    0.74032    0.73743    0.73431    0.73096    0.72738    0.72359    0.71958    0.71539    0.71101    0.70649    0.70186    0.69714    0.69239    0.68765    0.68296    0.67834    0.67384    0.66948    0.66531    0.66138    0.65776    0.65457    0.65197    0.65014
   0.75205    0.75096    0.74974    0.74827    0.74662    0.74479    0.74280    0.74065    0.73833    0.73585    0.73321    0.73041    0.72746    0.72438    0.72119    0.71790    0.71454    0.71117    0.70781    0.70454    0.70138    0.69833    0.69541    0.69262    0.68996    0.68745    0.68510    0.68299    0.68121    0.67989
   0.75206    0.75078    0.74932    0.74752    0.74547    0.74318    0.74069    0.73798    0.73507    0.73195    0.72862    0.72508    0.72135    0.71745    0.71338    0.70918    0.70490    0.70058    0.69628    0.69209    0.68805    0.68415    0.68041    0.67684    0.67344    0.67022    0.66724    0.66458    0.66239    0.66081
   0.75208    0.75120    0.75022    0.74906    0.74776    0.74634    0.74480    0.74313    0.74135    0.73944    0.73742    0.73529    0.73305    0.73072    0.72831    0.72584    0.72334    0.72083    0.71835    0.71592    0.71356    0.71130    0.70912    0.70704    0.70506    0.70318    0.70143    0.69983    0.69847    0.69745
   0.75208    0.75125    0.75032    0.74924    0.74803    0.74670    0.74527    0.74372    0.74207    0.74030    0.73843    0.73645    0.73438    0.73222    0.73000    0.72772    0.72541    0.72311    0.72085    0.71867    0.71659    0.71461    0.71273    0.71094    0.70925    0.70764    0.70614    0.70477    0.70360    0.70271
   0.75208    0.75125    0.75032    0.74924    0.74803    0.74671    0.74527    0.74373    0.74208    0.74031    0.73844    0.73647    0.73440    0.73225    0.73002    0.72775    0.72544    0.72314    0.72088    0.71870    0.71662    0.71464    0.71276    0.71098    0.70929    0.70769    0.70618    0.70481    0.70364    0.70275
   0.75208    0.75120    0.75023    0.74907    0.74778    0.74636    0.74482    0.74317    0.74139    0.73949    0.73748    0.73535    0.73312    0.73080    0.72840    0.72594    0.72345    0.72095    0.71847    0.71605    0.71370    0.71144    0.70928    0.70720    0.70523    0.70336    0.70161    0.70002    0.69866    0.69765
   0.75206    0.75079    0.74933    0.74755    0.74550    0.74323    0.74074    0.73805    0.73515    0.73204    0.72873    0.72521    0.72150    0.71761    0.71356    0.70938    0.70512    0.70082    0.69654    0.69237    0.68835    0.68447    0.68075    0.67719    0.67381    0.67060    0.66764    0.66499    0.66280    0.66124
   0.75205    0.75096    0.74975    0.74829    0.74665    0.74483    0.74285    0.74070    0.73839    0.73592    0.73329    0.73051    0.72757    0.72451    0.72133    0.71805    0.71472    0.71135    0.70802    0.70476    0.70161    0.69858    0.69567    0.69289    0.69025    0.68774    0.68541    0.68331    0.68153    0.68022
   0.75207    0.75081    0.74935    0.74752    0.74540    0.74301    0.74037    0.73749    0.73438    0.73105    0.72749    0.72371    0.71972    0.71554    0.71119    0.70668    0.70207    0.69737    0.69264    0.68791    0.68324    0.67864    0.67416    0.66982    0.66566    0.66174    0.65813    0.65496    0.65237    0.65054
   0.75213    0.75121    0.75011    0.74871    0.74705    0.74516    0.74306    0.74077    0.73829    0.73564    0.73283    0.72985    0.72673    0.72347    0.72009    0.71662    0.71307    0.70948    0.70587    0.70228    0.69872    0.69524    0.69185    0.68858    0.68549    0.68260    0.67999    0.67775    0.67597    0.67475
   0.75215    0.75137    0.75046    0.74929    0.74791    0.74635    0.74462    0.74273    0.74070    0.73853    0.73622    0.73379    0.73124    0.72859    0.72586    0.72305    0.72018    0.71729    0.71438    0.71150    0.70865    0.70586    0.70315    0.70054    0.69807    0.69577    0.69369    0.69190    0.69048    0.68950
   0.75207    0.75101    0.74981    0.74835    0.74667    0.74480    0.74274    0.74051    0.73810    0.73552    0.73278    0.72988    0.72682    0.72363    0.72031    0.71690    0.71341    0.70987    0.70632    0.70278    0.69929    0.69586    0.69252    0.68930    0.68622    0.68330    0.68061    0.67820    0.67619    0.67474
   0.75205    0.75096    0.74974    0.74828    0.74663    0.74480    0.74281    0.74066    0.73835    0.73587    0.73323    0.73043    0.72749    0.72442    0.72123    0.71794    0.71459    0.71122    0.70787    0.70461    0.70146    0.69842    0.69550    0.69272    0.69007    0.68756    0.68522    0.68312    0.68134    0.68002
   0.75206    0.75078    0.74933    0.74754    0.74549    0.74320    0.74071    0.73801    0.73510    0.73198    0.72865    0.72513    0.72141    0.71751    0.71347    0.70930    0.70507    0.70084    0.69676    0.69311    0.68992    0.68699    0.68434    0.68195    0.67972    0.67764    0.67572    0.67402    0.67263    0.67163
   0.75208    0.75125    0.75032    0.74924    0.74803    0.74670    0.74527    0.74372    0.74207    0.74030    0.73843    0.73645    0.73438    0.73222    0.73000    0.72772    0.72541    0.72311    0.72085    0.71867    0.71659    0.71461    0.71273    0.71094    0.70925    0.70765    0.70615    0.70478    0.70360    0.70272
   0.75209    0.75111    0.74999    0.74862    0.74706    0.74533    0.74344    0.74140    0.73921    0.73687    0.73439    0.73176    0.72901    0.72614    0.72317    0.72012    0.71703    0.71392    0.71083    0.70780    0.70484    0.70198    0.69922    0.69657    0.69405    0.69167    0.68946    0.68749    0.68586    0.68469
   0.75209    0.75103    0.74980    0.74828    0.74653    0.74458    0.74244    0.74012    0.73763    0.73497    0.73215    0.72916    0.72602    0.72275    0.71937    0.71589    0.71236    0.70881    0.70527    0.70178    0.69838    0.69507    0.69188    0.68882    0.68591    0.68316    0.68062    0.67837    0.67654    0.67523
   0.75209    0.75111    0.74999    0.74863    0.74707    0.74534    0.74346    0.74143    0.73924    0.73691    0.73443    0.73181    0.72907    0.72620    0.72324    0.72020    0.71712    0.71402    0.71093    0.70790    0.70495    0.70209    0.69934    0.69670    0.69418    0.69181    0.68960    0.68764    0.68601    0.68484
   0.75208    0.75125    0.75033    0.74924    0.74804    0.74672    0.74528    0.74374    0.74209    0.74033    0.73846    0.73649    0.73443    0.73228    0.73005    0.72778    0.72548    0.72319    0.72093    0.71875    0.71668    0.71470    0.71282    0.71104    0.70935    0.70775    0.70625    0.70488    0.70370    0.70282
   0.75206    0.75079    0.74934    0.74756    0.74551    0.74324    0.74076    0.73806    0.73517    0.73206    0.72875    0.72524    0.72153    0.71765    0.71362    0.70947    0.70525    0.70105    0.69698    0.69335    0.69016    0.68724    0.68460    0.68221    0.67999    0.67792    0.67601    0.67431    0.67292    0.67192
   0.75205    0.75096    0.74975    0.74829    0.74665    0.74483    0.74285    0.74070    0.73839    0.73592    0.73329    0.73050    0.72757    0.72451    0.72132    0.71805    0.71471    0.71135    0.70801    0.70475    0.70161    0.69857    0.69566    0.69289    0.69024    0.68773    0.68540    0.68330    0.68153    0.68021
   0.75207    0.75102    0.74982    0.74836    0.74668    0.74482    0.74277    0.74054    0.73814    0.73557    0.73284    0.72994    0.72689    0.72371    0.72040    0.71699    0.71351    0.70998    0.70643    0.70290    0.69941    0.69598    0.69265    0.68943    0.68635    0.68344    0.68074    0.67833    0.67632    0.67486
   0.75215    0.75137    0.75046    0.74929    0.74791    0.74635    0.74462    0.74274    0.74071    0.73854    0.73623    0.73380    0.73126    0.72860    0.72586    0.72305    0.72018    0.71728    0.71438    0.71148    0.70863    0.70583    0.70311    0.70050    0.69802    0.69571    0.69362    0.69181    0.69038    0.68940
   0.75218    0.75188    0.75154    0.75113    0.75067    0.75015    0.74958    0.74897    0.74832    0.74762    0.74688    0.74611    0.74530    0.74446    0.74361    0.74273    0.74184    0.74095    0.74006    0.73918    0.73831    0.73747    0.73666    0.73587    0.73513    0.73443    0.73378    0.73321    0.73273    0.73237
   0.75210    0.75100    0.74971    0.74810    0.74621    0.74408    0.74173    0.73917    0.73641    0.73345    0.73030    0.72696    0.72344    0.71976    0.71594    0.71200    0.70796    0.70385    0.69971    0.69557    0.69147    0.68742    0.68346    0.67963    0.67596    0.67250    0.66932    0.66654    0.66429    0.66272
   0.75206    0.75077    0.74929    0.74746    0.74536    0.74303    0.74047    0.73768    0.73468    0.73146    0.72802    0.72437    0.72051    0.71646    0.71224    0.70788    0.70340    0.69884    0.69425    0.68968    0.68516    0.68071    0.67637    0.67217    0.66812    0.66428    0.66071    0.65753    0.65492    0.65306
   0.75205    0.75078    0.74932    0.74753    0.74547    0.74319    0.74070    0.73800    0.73509    0.73197    0.72864    0.72511    0.72139    0.71749    0.71343    0.70924    0.70496    0.70065    0.69636    0.69218    0.68815    0.68426    0.68053    0.67697    0.67358    0.67038    0.66741    0.66476    0.66257    0.66100
   0.75208    0.75125    0.75032    0.74924    0.74803    0.74670    0.74527    0.74372    0.74207    0.74030    0.73843    0.73645    0.73438    0.73223    0.73000    0.72772    0.72542    0.72312    0.72085    0.71868    0.71660    0.71462    0.71274    0.71096    0.70927    0.70767    0.70617    0.70480    0.70363    0.70274
   0.75209    0.75102    0.74979    0.74827    0.74652    0.74456    0.74242    0.74010    0.73760    0.73494    0.73210    0.72911    0.72597    0.72269    0.71930    0.71582    0.71228    0.70872    0.70518    0.70168    0.69827    0.69496    0.69177    0.68870    0.68578    0.68303    0.68049    0.67824    0.67640    0.67509
   0.75210    0.75134    0.75050    0.74949    0.74836    0.74711    0.74575    0.74429    0.74272    0.74105    0.73928    0.73742    0.73547    0.73345    0.73136    0.72922    0.72706    0.72489    0.72273    0.72061    0.71853    0.71651    0.71457    0.71270    0.71091    0.70922    0.70764    0.70621    0.70500    0.70410
   0.75210    0.75135    0.75050    0.74949    0.74836    0.74712    0.74576    0.74431    0.74274    0.74108    0.73931    0.73745    0.73550    0.73348    0.73140    0.72927    0.72711    0.72494    0.72279    0.72066    0.71859    0.71658    0.71464    0.71277    0.71099    0.70930    0.70772    0.70629    0.70508    0.70418
   0.75209    0.75103    0.74980    0.74829    0.74653    0.74458    0.74245    0.74013    0.73765    0.73499    0.73216    0.72918    0.72604    0.72278    0.71939    0.71592    0.71239    0.70884    0.70530    0.70182    0.69841    0.69511    0.69192    0.68886    0.68595    0.68320    0.68066    0.67842    0.67658    0.67527
   0.75208    0.75125    0.75032    0.74924    0.74803    0.74671    0.74528    0.74374    0.74209    0.74033    0.73846    0.73649    0.73442    0.73227    0.73005    0.72777    0.72547    0.72317    0.72091    0.71874    0.71666    0.71469    0.71281    0.71103    0.70933    0.70773    0.70623    0.70486    0.70368    0.70280
   0.75206    0.75079    0.74933    0.74755    0.74550    0.74323    0.74075    0.73806    0.73517    0.73206    0.72875    0.72524    0.72153    0.71765    0.71360    0.70943    0.70517    0.70087    0.69660    0.69244    0.68842    0.68455    0.68083    0.67728    0.67390    0.67070    0.66774    0.66510    0.66291    0.66135
   0.75206    0.75078    0.74930    0.74748    0.74539    0.74306    0.74051    0.73774    0.73475    0.73154    0.72812    0.72448    0.72064    0.71660    0.71240    0.70805    0.70358    0.69904    0.69447    0.68991    0.68539    0.68096    0.67663    0.67243    0.66840    0.66456    0.66100    0.65783    0.65522    0.65336
   0.75210    0.75100    0.74972    0.74810    0.74622    0.74409    0.74174    0.73919    0.73643    0.73348    0.73033    0.72700    0.72349    0.71982    0.71600    0.71206    0.70802    0.70391    0.69977    0.69563    0.69152    0.68746    0.68350    0.67966    0.67597    0.67250    0.66932    0.66652    0.66426    0.66268
   0.75218    0.75187    0.75152    0.75110    0.75063    0.75010    0.74953    0.74891    0.74824    0.74753    0.74679    0.74600    0.74518    0.74433    0.74345    0.74256    0.74165    0.74074    0.73983    0.73893    0.73804    0.73717    0.73634    0.73553    0.73476    0.73404    0.73337    0.73277    0.73227    0.73190
   0.75215    0.75166    0.75112    0.75047    0.74974    0.74894    0.74807    0.74712    0.74611    0.74504    0.74389    0.74269    0.74144    0.74013    0.73879    0.73741    0.73601    0.73460    0.73319    0.73179    0.73041    0.72906    0.72775    0.72649    0.72528    0.72414    0.72307    0.72211    0.72129    0.72069
   0.75207    0.75106    0.74991    0.74854    0.74699    0.74527    0.74339    0.74137    0.73918    0.73685    0.73437    0.73174    0.72897    0.72608    0.72308    0.71999    0.71682    0.71362    0.71039    0.70718    0.70400    0.70088    0.69783    0.69488    0.69203    0.68933    0.68680    0.68452    0.68260    0.68120
   0.75205    0.75095    0.74972    0.74824    0.74657    0.74473    0.74273    0.74057    0.73824    0.73575    0.73310    0.73029    0.72734    0.72425    0.72104    0.71774    0.71437    0.71096    0.70756    0.70419    0.70089    0.69767    0.69455    0.69154    0.68865    0.68590    0.68332    0.68098    0.67897    0.67749
   0.75208    0.75120    0.75022    0.74906    0.74777    0.74635    0.74480    0.74314    0.74136    0.73945    0.73743    0.73530    0.73306    0.73074    0.72833    0.72586    0.72336    0.72086    0.71838    0.71595    0.71360    0.71134    0.70917    0.70709    0.70511    0.70324    0.70149    0.69990    0.69854    0.69753
   0.75209    0.75111    0.74998    0.74861    0.74705    0.74532    0.74343    0.74139    0.73919    0.73685    0.73436    0.73173    0.72897    0.72610    0.72313    0.72008    0.71698    0.71387    0.71077    0.70773    0.70477    0.70191    0.69914    0.69650    0.69397    0.69159    0.68938    0.68741    0.68578    0.68461
   0.75210    0.75134    0.75049    0.74948    0.74834    0.74708    0.74572    0.74425    0.74268    0.74100    0.73923    0.73736    0.73540    0.73337    0.73127    0.72912    0.72695    0.72477    0.72260    0.72047    0.71838    0.71636    0.71441    0.71253    0.71074    0.70904    0.70746    0.70602    0.70480    0.70389
   0.75212    0.75154    0.75090    0.75017    0.74936    0.74848    0.74753    0.74650    0.74541    0.74425    0.74302    0.74173    0.74037    0.73897    0.73752    0.73605    0.73455    0.73305    0.73156    0.73009    0.72865    0.72726    0.72590    0.72460    0.72335    0.72216    0.72103    0.71999    0.71908    0.71839
   0.75210    0.75134    0.75050    0.74949    0.74835    0.74710    0.74575    0.74428    0.74271    0.74104    0.73927    0.73740    0.73545    0.73342    0.73133    0.72919    0.72703    0.72485    0.72269    0.72056    0.71848    0.71646    0.71452    0.71264    0.71086    0.70916    0.70758    0.70615    0.70493    0.70403
   0.75209    0.75111    0.74999    0.74862    0.74706    0.74533    0.74345    0.74142    0.73923    0.73689    0.73441    0.73179    0.72904    0.72618    0.72321    0.72017    0.71708    0.71398    0.71090    0.70786    0.70491    0.70205    0.69929    0.69664    0.69413    0.69175    0.68954    0.68757    0.68594    0.68477
   0.75208    0.75120    0.75023    0.74908    0.74779    0.74637    0.74484    0.74318    0.74141    0.73952    0.73751    0.73538    0.73316    0.73084    0.72844    0.72599    0.72350    0.72100    0.71853    0.71611    0.71377    0.71151    0.70934    0.70728    0.70530    0.70343    0.70169    0.70010    0.69874    0.69773
   0.75205    0.75096    0.74973    0.74826    0.74660    0.74478    0.74279    0.74064    0.73833    0.73585    0.73322    0.73043    0.72749    0.72442    0.72123    0.71795    0.71460    0.71121    0.70782    0.70447    0.70118    0.69798    0.69487    0.69187    0.68900    0.68626    0.68369    0.68135    0.67935    0.67787
   0.75207    0.75106    0.74992    0.74856    0.74701    0.74530    0.74344    0.74142    0.73926    0.73694    0.73447    0.73185    0.72910    0.72622    0.72324    0.72016    0.71701    0.71382    0.71061    0.70741    0.70424    0.70113    0.69809    0.69514    0.69231    0.68961    0.68709    0.68482    0.68290    0.68149
   0.75215    0.75166    0.75112    0.75047    0.74975    0.74895    0.74808    0.74714    0.74613    0.74506    0.74392    0.74272    0.74147    0.74017    0.73883    0.73745    0.73605    0.73464    0.73323    0.73184    0.73046    0.72911    0.72780    0.72653    0.72532    0.72418    0.72311    0.72215    0.72133    0.72071
   0.75219    0.75188    0.75154    0.75114    0.75067    0.75015    0.74959    0.74898    0.74832    0.74762    0.74689    0.74611    0.74530    0.74447    0.74361    0.74273    0.74185    0.74095    0.74006    0.73918    0.73832    0.73748    0.73666    0.73588    0.73514    0.73444    0.73379    0.73322    0.73274    0.73238
   0.75210    0.75099    0.74971    0.74809    0.74620    0.74407    0.74171    0.73915    0.73638    0.73342    0.73026    0.72691    0.72339    0.71971    0.71588    0.71193    0.70789    0.70377    0.69963    0.69548    0.69137    0.68731    0.68335    0.67952    0.67584    0.67238    0.66920    0.66642    0.66417    0.66259
   0.75206    0.75077    0.74928    0.74746    0.74535    0.74301    0.74044    0.73765    0.73464    0.73141    0.72796    0.72430    0.72043    0.71637    0.71214    0.70776    0.70327    0.69871    0.69411    0.68952    0.68499    0.68053    0.67618    0.67197    0.66791    0.66407    0.66050    0.65732    0.65470    0.65284
   0.75206    0.75078    0.74932    0.74752    0.74547    0.74318    0.74068    0.73798    0.73506    0.73194    0.72860    0.72507    0.72133    0.71742    0.71336    0.70916    0.70488    0.70056    0.69626    0.69208    0.68804    0.68414    0.68041    0.67684    0.67345    0.67024    0.66726    0.66461    0.66242    0.66085
   0.75208    0.75125    0.75032    0.74924    0.74803    0.74670    0.74527    0.74372    0.74207    0.74031    0.73843    0.73646    0.73439    0.73224    0.73001    0.72774    0.72543    0.72313    0.72087    0.71870    0.71662    0.71464    0.71276    0.71099    0.70930    0.70769    0.70619    0.70483    0.70365    0.70277
   0.75209    0.75102    0.74979    0.74827    0.74652    0.74456    0.74241    0.74009    0.73760    0.73493    0.73209    0.72910    0.72595    0.72268    0.71928    0.71580    0.71226    0.70870    0.70515    0.70165    0.69824    0.69493    0.69174    0.68867    0.68575    0.68299    0.68045    0.67820    0.67635    0.67505
   0.75210    0.75134    0.75049    0.74947    0.74833    0.74708    0.74571    0.74424    0.74267    0.74099    0.73921    0.73733    0.73537    0.73333    0.73123    0.72908    0.72691    0.72472    0.72255    0.72041    0.71832    0.71630    0.71434    0.71246    0.71066    0.70896    0.70737    0.70593    0.70471    0.70380
   0.75210    0.75134    0.75049    0.74948    0.74834    0.74708    0.74572    0.74425    0.74268    0.74100    0.73923    0.73735    0.73539    0.73336    0.73126    0.72911    0.72694    0.72476    0.72259    0.72046    0.71837    0.71634    0.71439    0.71251    0.71071    0.70901    0.70743    0.70599    0.70477    0.70387
   0.75209    0.75102    0.74979    0.74827    0.74652    0.74456    0.74242    0.74010    0.73760    0.73494    0.73210    0.72911    0.72596    0.72269    0.71929    0.71581    0.71227    0.70870    0.70516    0.70166    0.69824    0.69493    0.69173    0.68866    0.68574    0.68298    0.68043    0.67818    0.67634    0.67503
   0.75208    0.75125    0.75032    0.74923    0.74802    0.74670    0.74526    0.74372    0.74206    0.74029    0.73842    0.73644    0.73437    0.73222    0.72999    0.72771    0.72540    0.72310    0.72083    0.71865    0.71657    0.71458    0.71270    0.71092    0.70922    0.70761    0.70611    0.70473    0.70356    0.70267
   0.75206    0.75079    0.74933    0.74755    0.74550    0.74323    0.74075    0.73806    0.73517    0.73206    0.72875    0.72524    0.72153    0.71764    0.71360    0.70942    0.70516    0.70087    0.69660    0.69243    0.68841    0.68453    0.68082    0.67727    0.67389    0.67069    0.66773    0.66508    0.66290    0.66134
   0.75206    0.75078    0.74930    0.74749    0.74540    0.74307    0.74052    0.73775    0.73476    0.73156    0.72814    0.72450    0.72066    0.71663    0.71243    0.70809    0.70363    0.69909    0.69452    0.68997    0.68546    0.68103    0.67671    0.67252    0.66848    0.66466    0.66110    0.65794    0.65533    0.65348
   0.75210    0.75100    0.74972    0.74812    0.74623    0.74411    0.74178    0.73923    0.73648    0.73353    0.73040    0.72707    0.72357    0.71991    0.71611    0.71218    0.70816    0.70407    0.69994    0.69582    0.69172    0.68769    0.68375    0.67992    0.67626    0.67281    0.66964    0.66686    0.66462    0.66305
   0.75219    0.75189    0.75155    0.75114    0.75068    0.75016    0.74960    0.74899    0.74834    0.74765    0.74691    0.74614    0.74534    0.74451    0.74365    0.74278    0.74190    0.74101    0.74012    0.73924    0.73838    0.73754    0.73673    0.73595    0.73520    0.73451    0.73387    0.73329    0.73281    0.73245
   0.75215    0.75137    0.75046    0.74929    0.74791    0.74634    0.74460    0.74272    0.74068    0.73850    0.73619    0.73375    0.73120    0.72855    0.72580    0.72299    0.72012    0.71722    0.71431    0.71142    0.70856    0.70577    0.70306    0.70045    0.69798    0.69568    0.69360    0.69180    0.69038    0.68940
   0.75207    0.75101    0.74980    0.74834    0.74665    0.74478    0.74271    0.74048    0.73806    0.73548    0.73272    0.72981    0.72675    0.72354    0.72022    0.71679    0.71329    0.70974    0.70618    0.70263    0.69913    0.69569    0.69235    0.68912    0.68603    0.68311    0.68041    0.67800    0.67599    0.67453
   0.75205    0.75096    0.74973    0.74827    0.74661    0.74478    0.74279    0.74063    0.73831    0.73582    0.73317    0.73037    0.72741    0.72433    0.72113    0.71783    0.71447    0.71109    0.70773    0.70446    0.70130    0.69825    0.69533    0.69254    0.68988    0.68737    0.68503    0.68292    0.68114    0.67983
   0.75206    0.75078    0.74932    0.74753    0.74548    0.74319    0.74070    0.73799    0.73507    0.73195    0.72862    0.72508    0.72136    0.71746    0.71340    0.70923    0.70499    0.70076    0.69668    0.69302    0.68983    0.68689    0.68424    0.68184    0.67961    0.67753    0.67561    0.67392    0.67251    0.67152
   0.75208    0.75125    0.75032    0.74924    0.74803    0.74671    0.74528    0.74374    0.74209    0.74033    0.73846    0.73649    0.73443    0.73228    0.73006    0.72779    0.72549    0.72320    0.72094    0.71877    0.71670    0.71473    0.71285    0.71108    0.70939    0.70779    0.70630    0.70493    0.70376    0.70287
   0.75209    0.75111    0.74998    0.74861    0.74704    0.74531    0.74342    0.74138    0.73918    0.73684    0.73435    0.73172    0.72896    0.72608    0.72311    0.72006    0.71696    0.71385    0.71075    0.70771    0.70475    0.70188    0.69911    0.69646    0.69394    0.69155    0.68934    0.68737    0.68573    0.68456
   0.75209    0.75102    0.74979    0.74827    0.74651    0.74455    0.74241    0.74008    0.73758    0.73491    0.73208    0.72908    0.72593    0.72265    0.71925    0.71577    0.71222    0.70865    0.70510    0.70160    0.69818    0.69487    0.69167    0.68859    0.68566    0.68291    0.68036    0.67810    0.67626    0.67495
   0.75209    0.75111    0.74998    0.74861    0.74704    0.74531    0.74342    0.74138    0.73918    0.73684    0.73435    0.73171    0.72895    0.72608    0.72310    0.72005    0.71695    0.71383    0.71074    0.70769    0.70472    0.70185    0.69908    0.69643    0.69390    0.69151    0.68930    0.68732    0.68569    0.68451
   0.75208    0.75125    0.75032    0.74923    0.74802    0.74670    0.74526    0.74371    0.74206    0.74029    0.73842    0.73644    0.73436    0.73221    0.72998    0.72770    0.72539    0.72308    0.72082    0.71863    0.71655    0.71456    0.71268    0.71089    0.70919    0.70759    0.70608    0.70471    0.70353    0.70264
   0.75206    0.75079    0.74934    0.74755    0.74550    0.74323    0.74074    0.73805    0.73515    0.73204    0.72872    0.72520    0.72149    0.71761    0.71357    0.70941    0.70519    0.70097    0.69690    0.69326    0.69007    0.68715    0.68450    0.68211    0.67988    0.67780    0.67589    0.67419    0.67279    0.67179
   0.75205    0.75097    0.74975    0.74829    0.74665    0.74483    0.74285    0.74071    0.73840    0.73593    0.73330    0.73052    0.72759    0.72452    0.72134    0.71807    0.71473    0.71137    0.70803    0.70478    0.70163    0.69860    0.69569    0.69292    0.69027    0.68777    0.68544    0.68333    0.68156    0.68025
   0.75207    0.75102    0.74982    0.74837    0.74669    0.74483    0.74278    0.74056    0.73817    0.73560    0.73287    0.72998    0.72694    0.72376    0.72045    0.71705    0.71357    0.71005    0.70651    0.70298    0.69950    0.69609    0.69276    0.68955    0.68647    0.68357    0.68088    0.67847    0.67647    0.67502
   0.75215    0.75138    0.75047    0.74931    0.74793    0.74637    0.74465    0.74278    0.74075    0.73859    0.73629    0.73387    0.73134    0.72870    0.72597    0.72317    0.72031    0.71743    0.71454    0.71166    0.70882    0.70604    0.70333    0.70074    0.69827    0.69598    0.69390    0.69211    0.69069    0.68971
   0.75213    0.75120    0.75010    0.74869    0.74702    0.74512    0.74301    0.74070    0.73821    0.73554    0.73271    0.72972    0.72658    0.72330    0.71991    0.71642    0.71285    0.70924    0.70562    0.70201    0.69844    0.69494    0.69154    0.68826    0.68516    0.68227    0.67965    0.67740    0.67562    0.67441
   0.75207    0.75080    0.74933    0.74749    0.74535    0.74295    0.74029    0.73739    0.73426    0.73090    0.72731    0.72351    0.71949    0.71528    0.71090    0.70636    0.70171    0.69699    0.69222    0.68747    0.68277    0.67814    0.67363    0.66927    0.66509    0.66115    0.65753    0.65433    0.65173    0.64990
   0.75205    0.75096    0.74973    0.74826    0.74660    0.74477    0.74278    0.74061    0.73829    0.73580    0.73315    0.73034    0.72738    0.72429    0.72109    0.71779    0.71442    0.71103    0.70767    0.70439    0.70122    0.69817    0.69524    0.69244    0.68978    0.68726    0.68491    0.68280    0.68101    0.67969
   0.75205    0.75078    0.74931    0.74752    0.74546    0.74317    0.74067    0.73796    0.73504    0.73191    0.72857    0.72503    0.72130    0.71738    0.71331    0.70911    0.70481    0.70048    0.69618    0.69199    0.68794    0.68404    0.68030    0.67672    0.67332    0.67010    0.66711    0.66445    0.66226    0.66068
   0.75208    0.75120    0.75021    0.74905    0.74775    0.74633    0.74478    0.74312    0.74133    0.73942    0.73740    0.73526    0.73302    0.73068    0.72827    0.72580    0.72329    0.72078    0.71829    0.71586    0.71350    0.71123    0.70905    0.70697    0.70499    0.70311    0.70135    0.69976    0.69839    0.69738
   0.75208    0.75125    0.75032    0.74924    0.74803    0.74671    0.74527    0.74373    0.74208    0.74031    0.73844    0.73647    0.73440    0.73225    0.73003    0.72775    0.72545    0.72315    0.72089    0.71872    0.71664    0.71466    0.71279    0.71101    0.70932    0.70771    0.70621    0.70484    0.70367    0.70278
   0.75208    0.75125    0.75032    0.74923    0.74802    0.74669    0.74526    0.74371    0.74205    0.74028    0.73841    0.73643    0.73435    0.73219    0.72996    0.72768    0.72537    0.72307    0.72080    0.71862    0.71653    0.71455    0.71267    0.71088    0.70918    0.70758    0.70607    0.70470    0.70352    0.70263
   0.75208    0.75120    0.75022    0.74906    0.74776    0.74634    0.74479    0.74313    0.74134    0.73943    0.73741    0.73527    0.73303    0.73070    0.72828    0.72581    0.72330    0.72079    0.71830    0.71587    0.71351    0.71124    0.70906    0.70697    0.70499    0.70311    0.70135    0.69975    0.69839    0.69737
   0.75205    0.75078    0.74932    0.74753    0.74548    0.74320    0.74071    0.73801    0.73510    0.73198    0.72866    0.72513    0.72140    0.71750    0.71344    0.70925    0.70497    0.70066    0.69637    0.69218    0.68814    0.68425    0.68051    0.67695    0.67355    0.67033    0.66735    0.66470    0.66250    0.66093
   0.75205    0.75096    0.74974    0.74828    0.74663    0.74481    0.74283    0.74068    0.73836    0.73589    0.73325    0.73046    0.72752    0.72445    0.72126    0.71797    0.71463    0.71126    0.70791    0.70464    0.70149    0.69845    0.69553    0.69274    0.69009    0.68758    0.68524    0.68313    0.68135    0.68003
   0.75207    0.75081    0.74935    0.74752    0.74540    0.74301    0.74037    0.73749    0.73438    0.73105    0.72748    0.72370    0.71971    0.71553    0.71117    0.70667    0.70205    0.69735    0.69261    0.68789    0.68321    0.67861    0.67412    0.66977    0.66561    0.66169    0.65808    0.65490    0.65231    0.65049
   0.75213    0.75121    0.75012    0.74872    0.74706    0.74516    0.74307    0.74078    0.73831    0.73566    0.73284    0.72987    0.72675    0.72349    0.72012    0.71665    0.71311    0.70952    0.70591    0.70232    0.69877    0.69529    0.69190    0.68864    0.68555    0.68267    0.68007    0.67782    0.67605    0.67483
   0.75213    0.75120    0.75010    0.74869    0.74702    0.74511    0.74300    0.74070    0.73821    0.73554    0.73270    0.72971    0.72657    0.72329    0.71989    0.71640    0.71283    0.70922    0.70559    0.70198    0.69841    0.69490    0.69150    0.68822    0.68512    0.68222    0.67960    0.67735    0.67557    0.67435
   0.75207    0.75101    0.74980    0.74833    0.74664    0.74476    0.74270    0.74046    0.73804    0.73545    0.73269    0.72977    0.72670    0.72350    0.72017    0.71673    0.71323    0.70967    0.70610    0.70255    0.69904    0.69560    0.69225    0.68901    0.68592    0.68299    0.68028    0.67786    0.67585    0.67439
   0.75206    0.75076    0.74927    0.74744    0.74533    0.74298    0.74041    0.73761    0.73459    0.73136    0.72790    0.72423    0.72035    0.71628    0.71204    0.70765    0.70314    0.69856    0.69395    0.68935    0.68479    0.68032    0.67595    0.67172    0.66765    0.66378    0.66019    0.65700    0.65437    0.65249
   0.75205    0.75094    0.74970    0.74822    0.74654    0.74469    0.74268    0.74051    0.73817    0.73567    0.73301    0.73019    0.72722    0.72411    0.72089    0.71757    0.71418    0.71076    0.70733    0.70394    0.70062    0.69738    0.69424    0.69121    0.68830    0.68553    0.68294    0.68057    0.67856    0.67706
   0.75206    0.75078    0.74931    0.74751    0.74545    0.74316    0.74065    0.73794    0.73502    0.73188    0.72854    0.72500    0.72125    0.71733    0.71325    0.70904    0.70475    0.70041    0.69610    0.69190    0.68784    0.68393    0.68018    0.67659    0.67318    0.66995    0.66696    0.66430    0.66209    0.66051
   0.75206    0.75078    0.74932    0.74752    0.74546    0.74317    0.74067    0.73796    0.73503    0.73190    0.72856    0.72502    0.72129    0.71738    0.71331    0.70913    0.70487    0.70063    0.69653    0.69287    0.68966    0.68672    0.68405    0.68164    0.67940    0.67731    0.67538    0.67368    0.67227    0.67127
   0.75206    0.75078    0.74931    0.74751    0.74545    0.74316    0.74065    0.73794    0.73502    0.73189    0.72854    0.72500    0.72126    0.71733    0.71325    0.70904    0.70474    0.70040    0.69609    0.69189    0.68783    0.68391    0.68016    0.67658    0.67316    0.66993    0.66694    0.66427    0.66207    0.66049
   0.75205    0.75095    0.74971    0.74823    0.74655    0.74471    0.74270    0.74053    0.73820    0.73570    0.73304    0.73023    0.72726    0.72416    0.72094    0.71763    0.71424    0.71082    0.70740    0.70402    0.70070    0.69746    0.69432    0.69129    0.68838    0.68562    0.68302    0.68066    0.67865    0.67715
   0.75206    0.75077    0.74928    0.74746    0.74536    0.74302    0.74045    0.73767    0.73466    0.73144    0.72800    0.72434    0.72048    0.71643    0.71220    0.70783    0.70334    0.69877    0.69417    0.68958    0.68505    0.68059    0.67623    0.67200    0.66794    0.66408    0.66050    0.65731    0.65468    0.65281
   0.75207    0.75102    0.74981    0.74835    0.74667    0.74480    0.74275    0.74052    0.73812    0.73555    0.73281    0.72990    0.72685    0.72366    0.72035    0.71694    0.71345    0.70991    0.70635    0.70281    0.69931    0.69588    0.69254    0.68932    0.68623    0.68330    0.68060    0.67818    0.67617    0.67471
   0.75213    0.75121    0.75011    0.74871    0.74704    0.74515    0.74305    0.74075    0.73828    0.73563    0.73281    0.72983    0.72670    0.72344    0.72006    0.71658    0.71303    0.70943    0.70582    0.70222    0.69866    0.69517    0.69177    0.68850    0.68540    0.68251    0.67990    0.67765    0.67587    0.67465
   0.75215    0.75137    0.75045    0.74928    0.74789    0.74632    0.74459    0.74269    0.74065    0.73847    0.73615    0.73371    0.73115    0.72849    0.72574    0.72292    0.72004    0.71713    0.71422    0.71132    0.70846    0.70565    0.70294    0.70032    0.69784    0.69553    0.69344    0.69164    0.69021    0.68923
   0.75210    0.75099    0.74970    0.74808    0.74618    0.74404    0.74167    0.73910    0.73632    0.73335    0.73018    0.72682    0.72328    0.71958    0.71574    0.71178    0.70771    0.70358    0.69942    0.69525    0.69112    0.68704    0.68306    0.67920    0.67550    0.67202    0.66882    0.66601    0.66375    0.66216
   0.75207    0.75105    0.74990    0.74852    0.74695    0.74523    0.74334    0.74130    0.73910    0.73675    0.73425    0.73161    0.72882    0.72591    0.72289    0.71977    0.71659    0.71336    0.71011    0.70687    0.70366    0.70051    0.69744    0.69446    0.69159    0.68886    0.68631    0.68401    0.68207    0.68065
   0.75206    0.75076    0.74927    0.74743    0.74532    0.74296    0.74038    0.73758    0.73456    0.73131    0.72785    0.72417    0.72028    0.71620    0.71194    0.70754    0.70303    0.69843    0.69380    0.68919    0.68462    0.68013    0.67574    0.67149    0.66740    0.66352    0.65991    0.65670    0.65406    0.65217
   0.75205    0.75095    0.74972    0.74825    0.74659    0.74475    0.74275    0.74058    0.73825    0.73575    0.73309    0.73027    0.72730    0.72420    0.72098    0.71767    0.71430    0.71090    0.70752    0.70422    0.70104    0.69797    0.69503    0.69222    0.68954    0.68701    0.68465    0.68252    0.68073    0.67940
   0.75205    0.75095    0.74972    0.74825    0.74659    0.74476    0.74275    0.74059    0.73825    0.73576    0.73310    0.73028    0.72732    0.72422    0.72101    0.71770    0.71432    0.71092    0.70755    0.70426    0.70108    0.69801    0.69507    0.69226    0.68958    0.68705    0.68470    0.68257    0.68077    0.67945
   0.75206    0.75076    0.74927    0.74744    0.74533    0.74297    0.74040    0.73760    0.73458    0.73133    0.72787    0.72419    0.72031    0.71624    0.71199    0.70759    0.70308    0.69849    0.69386    0.68925    0.68469    0.68021    0.67583    0.67158    0.66750    0.66363    0.66003    0.65682    0.65419    0.65231
   0.75207    0.75105    0.74990    0.74853    0.74696    0.74524    0.74335    0.74132    0.73913    0.73678    0.73429    0.73164    0.72887    0.72596    0.72294    0.71983    0.71665    0.71342    0.71018    0.70694    0.70374    0.70060    0.69753    0.69455    0.69168    0.68896    0.68641    0.68411    0.68217    0.68075
   0.75210    0.75099    0.74970    0.74808    0.74618    0.74404    0.74169    0.73912    0.73635    0.73338    0.73021    0.72686    0.72334    0.71964    0.71580    0.71184    0.70778    0.70365    0.69948    0.69532    0.69118    0.68710    0.68311    0.67924    0.67553    0.67204    0.66883    0.66602    0.66374    0.66215
   0.75215    0.75137    0.75045    0.74928    0.74790    0.74633    0.74460    0.74271    0.74067    0.73849    0.73618    0.73375    0.73119    0.72853    0.72579    0.72296    0.72009    0.71718    0.71426    0.71136    0.70850    0.70569    0.70296    0.70034    0.69785    0.69553    0.69343    0.69162    0.69018    0.68919
   0.75219    0.75188    0.75154    0.75113    0.75066    0.75014    0.74957    0.74896    0.74830    0.74760    0.74686    0.74608    0.74527    0.74443    0.74357    0.74269    0.74180    0.74090    0.74001    0.73913    0.73826    0.73741    0.73659    0.73581    0.73506    0.73436    0.73371    0.73314    0.73265    0.73229
   0.75215    0.75165    0.75110    0.75045    0.74972    0.74891    0.74803    0.74708    0.74606    0.74498    0.74383    0.74262    0.74135    0.74004    0.73868    0.73729    0.73588    0.73446    0.73303    0.73162    0.73023    0.72886    0.72754    0.72626    0.72504    0.72389    0.72281    0.72184    0.72101    0.72039
   0.75209    0.75098    0.74969    0.74806    0.74615    0.74400    0.74162    0.73904    0.73625    0.73327    0.73008    0.72671    0.72316    0.71945    0.71558    0.71160    0.70751    0.70336    0.69917    0.69497    0.69081    0.68671    0.68269    0.67881    0.67508    0.67156    0.66834    0.66551    0.66322    0.66162
   0.75207    0.75100    0.74979    0.74832    0.74662    0.74474    0.74266    0.74041    0.73799    0.73539    0.73262    0.72969    0.72661    0.72339    0.72004    0.71660    0.71307    0.70950    0.70591    0.70234    0.69881    0.69534    0.69197    0.68871    0.68559    0.68264    0.67991    0.67747    0.67544    0.67397
   0.75207    0.75080    0.74932    0.74748    0.74533    0.74291    0.74024    0.73733    0.73419    0.73081    0.72721    0.72339    0.71935    0.71512    0.71072    0.70616    0.70149    0.69673    0.69194    0.68716    0.68242    0.67777    0.67323    0.66883    0.66462    0.66065    0.65699    0.65377    0.65115    0.64930
   0.75207    0.75101    0.74980    0.74832    0.74663    0.74475    0.74268    0.74043    0.73800    0.73541    0.73264    0.72972    0.72664    0.72342    0.72008    0.71664    0.71312    0.70955    0.70597    0.70240    0.69887    0.69542    0.69205    0.68880    0.68569    0.68275    0.68002    0.67759    0.67556    0.67410
   0.75210    0.75099    0.74970    0.74808    0.74617    0.74403    0.74167    0.73910    0.73632    0.73334    0.73017    0.72681    0.72327    0.71957    0.71572    0.71175    0.70768    0.70355    0.69938    0.69520    0.69106    0.68698    0.68299    0.67912    0.67542    0.67193    0.66872    0.66591    0.66364    0.66205
   0.75215    0.75166    0.75111    0.75046    0.74973    0.74892    0.74804    0.74710    0.74608    0.74500    0.74385    0.74264    0.74138    0.74007    0.73872    0.73733    0.73592    0.73450    0.73308    0.73167    0.73028    0.72892    0.72760    0.72632    0.72510    0.72395    0.72287    0.72190    0.72108    0.72046
   0.75218    0.75187    0.75152    0.75110    0.75062    0.75009    0.74952    0.74889    0.74822    0.74751    0.74676    0.74597    0.74515    0.74429    0.74341    0.74252    0.74161    0.74069    0.73977    0.73886    0.73797    0.73710    0.73626    0.73545    0.73468    0.73395    0.73328    0.73268    0.73218    0.73180
   0.75218    0.75187    0.75152    0.75109    0.75061    0.75008    0.74950    0.74887    0.74820    0.74749    0.74673    0.74594    0.74511    0.74425    0.74337    0.74247    0.74155    0.74063    0.73971    0.73880    0.73790    0.73703    0.73618    0.73537    0.73459    0.73386    0.73319    0.73259    0.73208    0.73171
   0.75215    0.75136    0.75044    0.74926    0.74787    0.74629    0.74454    0.74263    0.74058    0.73839    0.73606    0.73360    0.73103    0.72835    0.72558    0.72273    0.71984    0.71691    0.71397    0.71104    0.70815    0.70532    0.70258    0.69993    0.69743    0.69509    0.69297    0.69115    0.68970    0.68871
   0.75213    0.75120    0.75009    0.74868    0.74699    0.74508    0.74296    0.74064    0.73814    0.73546    0.73262    0.72961    0.72645    0.72315    0.71974    0.71623    0.71264    0.70901    0.70536    0.70172    0.69812    0.69460    0.69117    0.68787    0.68473    0.68181    0.67917    0.67690    0.67510    0.67387
   0.75213    0.75120    0.75009    0.74868    0.74700    0.74509    0.74297    0.74066    0.73816    0.73548    0.73263    0.72963    0.72647    0.72318    0.71977    0.71626    0.71268    0.70905    0.70540    0.70177    0.69818    0.69466    0.69123    0.68794    0.68481    0.68189    0.67926    0.67699    0.67520    0.67397
   0.75215    0.75137    0.75045    0.74928    0.74789    0.74632    0.74458    0.74268    0.74063    0.73845    0.73613    0.73368    0.73112    0.72845    0.72569    0.72286    0.71998    0.71706    0.71414    0.71123    0.70836    0.70554    0.70281    0.70019    0.69770    0.69538    0.69328    0.69147    0.69004    0.68905
   0.75219    0.75188    0.75154    0.75113    0.75066    0.75014    0.74957    0.74896    0.74830    0.74760    0.74686    0.74608    0.74527    0.74443    0.74357    0.74269    0.74180    0.74090    0.74001    0.73912    0.73825    0.73740    0.73658    0.73580    0.73505    0.73434    0.73370    0.73312    0.73263    0.73227
