average density
0.7523
0.7510
0.7495
0.7480
0.7465
0.7450
0.7424
0.7399
0.7385
0.7367
0.7336
0.7302
0.7279
0.7259
0.7223
0.7189
0.7170
0.7144
0.7104
0.7073
0.7052
0.7017
0.6989
0.6975
0.6949
0.6909
0.6887
0.6869
0.6849
0.6831

mesh
11.833333
11.833333
11.833333
11.833333
11.833333
11.833333
11.833333
11.833333
11.833333
11.833333
11.833333
11.833333
11.833333
11.833333
11.833333
11.833333
11.833333
11.833333
11.833333
11.833333
11.833333
11.833333
11.833333
11.833333
11.833333
11.833333
11.833333
11.833333
11.833333
11.833333
