6.31902E+04 9.20245E+04 1.15337E+05 1.33742E+05 1.49693E+05 1.64417E+05 1.77914E+05 1.91411E+05 2.03681E+05 2.15337E+05 2.25767E+05 2.35583E+05 2.44172E+05 2.51534E+05 2.56442E+05 2.60123E+05 2.61350E+05 2.60736E+05 2.58282E+05 2.53988E+05 2.47239E+05 2.39877E+05 2.30061E+05 2.19632E+05 2.06748E+05 1.92638E+05 1.74847E+05 1.52147E+05 1.21472E+05 8.03681E+04
1.46626E+05 2.36196E+05 3.19018E+05 3.86503E+05 4.42945E+05 4.92025E+05 5.36196E+05 5.76074E+05 6.13497E+05 6.47853E+05 6.79141E+05 7.06748E+05 7.30675E+05 7.49693E+05 7.63804E+05 7.72393E+05 7.75460E+05 7.71779E+05 7.61350E+05 7.46012E+05 7.25153E+05 6.98773E+05 6.68098E+05 6.31902E+05 5.88957E+05 5.36810E+05 4.72393E+05 3.91411E+05 2.89571E+05 1.76687E+05
1.74847E+05 2.82209E+05 3.82822E+05 4.65644E+05 5.34969E+05 5.95092E+05 6.48466E+05 6.97546E+05 7.42331E+05 7.83436E+05 8.20859E+05 8.53988E+05 8.82822E+05 9.05521E+05 9.22699E+05 9.32515E+05 9.34969E+05 9.29448E+05 9.15951E+05 8.95706E+05 8.69325E+05 8.36810E+05 7.98773E+05 7.53374E+05 7.00613E+05 6.37423E+05 5.58896E+05 4.60736E+05 3.38650E+05 2.06135E+05
1.74847E+05 2.82209E+05 3.82822E+05 4.65644E+05 5.34969E+05 5.95092E+05 6.48466E+05 6.97546E+05 7.42331E+05 7.83436E+05 8.21472E+05 8.54601E+05 8.83436E+05 9.06135E+05 9.23313E+05 9.33129E+05 9.35583E+05 9.30061E+05 9.17178E+05 8.96933E+05 8.69939E+05 8.37423E+05 7.99387E+05 7.54601E+05 7.01227E+05 6.38037E+05 5.59509E+05 4.61350E+05 3.39264E+05 2.06135E+05
1.47239E+05 2.36810E+05 3.19632E+05 3.87730E+05 4.44172E+05 4.93252E+05 5.37423E+05 5.77301E+05 6.14724E+05 6.49080E+05 6.80368E+05 7.08589E+05 7.32515E+05 7.51534E+05 7.66258E+05 7.74847E+05 7.77914E+05 7.74233E+05 7.64417E+05 7.48466E+05 7.27607E+05 7.01840E+05 6.71166E+05 6.34969E+05 5.91411E+05 5.39264E+05 4.74847E+05 3.93865E+05 2.91411E+05 1.77914E+05
6.50307E+04 9.50920E+04 1.18405E+05 1.36810E+05 1.52761E+05 1.67485E+05 1.80982E+05 1.94479E+05 2.06748E+05 2.19018E+05 2.30061E+05 2.40491E+05 2.49080E+05 2.56442E+05 2.61963E+05 2.65644E+05 2.67485E+05 2.67485E+05 2.65031E+05 2.60123E+05 2.53988E+05 2.46012E+05 2.36810E+05 2.25767E+05 2.13497E+05 1.98773E+05 1.80982E+05 1.58282E+05 1.26380E+05 8.34356E+04
6.50307E+04 9.57055E+04 1.19018E+05 1.37423E+05 1.52761E+05 1.67485E+05 1.81595E+05 1.94479E+05 2.07362E+05 2.19632E+05 2.30675E+05 2.40491E+05 2.49693E+05 2.57055E+05 2.62577E+05 2.66258E+05 2.68098E+05 2.67485E+05 2.65031E+05 2.60736E+05 2.54601E+05 2.46626E+05 2.37423E+05 2.26380E+05 2.13497E+05 1.98773E+05 1.80982E+05 1.58282E+05 1.26380E+05 8.34356E+04
1.03067E+05 1.49693E+05 1.84049E+05 2.09816E+05 2.32515E+05 2.53988E+05 2.74233E+05 2.93865E+05 3.12270E+05 3.30675E+05 3.47239E+05 3.63190E+05 3.76687E+05 3.87730E+05 3.96933E+05 4.02454E+05 4.05521E+05 4.04908E+05 4.01227E+05 3.94479E+05 3.85276E+05 3.73620E+05 3.59509E+05 3.44172E+05 3.25767E+05 3.04908E+05 2.79755E+05 2.46626E+05 1.99387E+05 1.32515E+05
2.11656E+05 3.34356E+05 4.43558E+05 5.30061E+05 6.01227E+05 6.63190E+05 7.19018E+05 7.71779E+05 8.20245E+05 8.66258E+05 9.08589E+05 9.46626E+05 9.79755E+05 1.00675E+06 1.02699E+06 1.03988E+06 1.04356E+06 1.03926E+06 1.02577E+06 1.00491E+06 9.77301E+05 9.42945E+05 9.03067E+05 8.57055E+05 8.03067E+05 7.38650E+05 6.57055E+05 5.52147E+05 4.14724E+05 2.57669E+05
2.12883E+05 3.21472E+05 4.07975E+05 4.74847E+05 5.31288E+05 5.82209E+05 6.30675E+05 6.76074E+05 7.19632E+05 7.60123E+05 7.98160E+05 8.32515E+05 8.62577E+05 8.87117E+05 9.06135E+05 9.17178E+05 9.20859E+05 9.15951E+05 9.02454E+05 8.82209E+05 8.55215E+05 8.24540E+05 7.88344E+05 7.49080E+05 7.03681E+05 6.52147E+05 5.88957E+05 5.07975E+05 3.96933E+05 2.54601E+05
2.44785E+05 3.83436E+05 5.03067E+05 5.96933E+05 6.74847E+05 7.42945E+05 8.05521E+05 8.63804E+05 9.18405E+05 9.70552E+05 1.01779E+06 1.06074E+06 1.09816E+06 1.12883E+06 1.15092E+06 1.16380E+06 1.16687E+06 1.15890E+06 1.13926E+06 1.10982E+06 1.07362E+06 1.03190E+06 9.84049E+05 9.30675E+05 8.70552E+05 7.99387E+05 7.12883E+05 6.01840E+05 4.55215E+05 2.84049E+05
2.12883E+05 3.21472E+05 4.07975E+05 4.74847E+05 5.31288E+05 5.82822E+05 6.30675E+05 6.76074E+05 7.19632E+05 7.60736E+05 7.98773E+05 8.33129E+05 8.63190E+05 8.87730E+05 9.06135E+05 9.17791E+05 9.21472E+05 9.16564E+05 9.03681E+05 8.82822E+05 8.56442E+05 8.25153E+05 7.89571E+05 7.49693E+05 7.04908E+05 6.52761E+05 5.89571E+05 5.08589E+05 3.97546E+05 2.55215E+05
2.12270E+05 3.34969E+05 4.44172E+05 5.30675E+05 6.01840E+05 6.63190E+05 7.19632E+05 7.71779E+05 8.20859E+05 8.66871E+05 9.09202E+05 9.47239E+05 9.80368E+05 1.00798E+06 1.02822E+06 1.04049E+06 1.04479E+06 1.04049E+06 1.02761E+06 1.00675E+06 9.78528E+05 9.44785E+05 9.04908E+05 8.58896E+05 8.05521E+05 7.40491E+05 6.58896E+05 5.53988E+05 4.15951E+05 2.58282E+05
1.03067E+05 1.49080E+05 1.82822E+05 2.09202E+05 2.31288E+05 2.52761E+05 2.72393E+05 2.92025E+05 3.11043E+05 3.28834E+05 3.46012E+05 3.61350E+05 3.74847E+05 3.85890E+05 3.95092E+05 4.00613E+05 4.03681E+05 4.03067E+05 3.99387E+05 3.92638E+05 3.83436E+05 3.71779E+05 3.57669E+05 3.42331E+05 3.24540E+05 3.03681E+05 2.78528E+05 2.45399E+05 1.98160E+05 1.31902E+05
6.25767E+04 9.20245E+04 1.14724E+05 1.33129E+05 1.49080E+05 1.63190E+05 1.77301E+05 1.90184E+05 2.02454E+05 2.14110E+05 2.25153E+05 2.34969E+05 2.42945E+05 2.50307E+05 2.55215E+05 2.58896E+05 2.60123E+05 2.59509E+05 2.57055E+05 2.52761E+05 2.46012E+05 2.38650E+05 2.28834E+05 2.18405E+05 2.06135E+05 1.91411E+05 1.73620E+05 1.51534E+05 1.20859E+05 7.97546E+04
1.47239E+05 2.37423E+05 3.20245E+05 3.87730E+05 4.44172E+05 4.93252E+05 5.37423E+05 5.77914E+05 6.14724E+05 6.49080E+05 6.80368E+05 7.08589E+05 7.32515E+05 7.51534E+05 7.66258E+05 7.74847E+05 7.77301E+05 7.73620E+05 7.63804E+05 7.48466E+05 7.27607E+05 7.01227E+05 6.70552E+05 6.34356E+05 5.91411E+05 5.39264E+05 4.74847E+05 3.93865E+05 2.90798E+05 1.77914E+05
2.12883E+05 3.35583E+05 4.44785E+05 5.31288E+05 6.02454E+05 6.64417E+05 7.20859E+05 7.73006E+05 8.22086E+05 8.68098E+05 9.10429E+05 9.49080E+05 9.82209E+05 1.00920E+06 1.02945E+06 1.04233E+06 1.04663E+06 1.04172E+06 1.02883E+06 1.00798E+06 9.79755E+05 9.46012E+05 9.06135E+05 8.60123E+05 8.06135E+05 7.41104E+05 6.59509E+05 5.54601E+05 4.16564E+05 2.58282E+05
2.06748E+05 3.08589E+05 3.85890E+05 4.42945E+05 4.90798E+05 5.34356E+05 5.75460E+05 6.15951E+05 6.54601E+05 6.92638E+05 7.27607E+05 7.60123E+05 7.88344E+05 8.12270E+05 8.30675E+05 8.42331E+05 8.47239E+05 8.44172E+05 8.34356E+05 8.17791E+05 7.95706E+05 7.69325E+05 7.39264E+05 7.05521E+05 6.68098E+05 6.23926E+05 5.69939E+05 4.97546E+05 3.93865E+05 2.55828E+05
2.52147E+05 3.90798E+05 5.05521E+05 5.90798E+05 6.60123E+05 7.21472E+05 7.77914E+05 8.32515E+05 8.85276E+05 9.35583E+05 9.82822E+05 1.02577E+06 1.06319E+06 1.09448E+06 1.11779E+06 1.13190E+06 1.13558E+06 1.12822E+06 1.10920E+06 1.08037E+06 1.04540E+06 1.00491E+06 9.60736E+05 9.12270E+05 8.58282E+05 7.95092E+05 7.15951E+05 6.11043E+05 4.67485E+05 2.93865E+05
2.24540E+05 3.30675E+05 4.10429E+05 4.69325E+05 5.19632E+05 5.65031E+05 6.08589E+05 6.50920E+05 6.92638E+05 7.31902E+05 7.69325E+05 8.03067E+05 8.33129E+05 8.57669E+05 8.75460E+05 8.84663E+05 8.85276E+05 8.73620E+05 8.49693E+05 8.08589E+05 7.71779E+05 7.33742E+05 6.92638E+05 6.53988E+05 6.14724E+05 5.72393E+05 5.22086E+05 4.56442E+05 3.63190E+05 2.38037E+05
2.23926E+05 3.30675E+05 4.09816E+05 4.69325E+05 5.19018E+05 5.64417E+05 6.07975E+05 6.50920E+05 6.92025E+05 7.31288E+05 7.68712E+05 8.03067E+05 8.32515E+05 8.57055E+05 8.74847E+05 8.84663E+05 8.84663E+05 8.73620E+05 8.49080E+05 8.08589E+05 7.71779E+05 7.33742E+05 6.92025E+05 6.53374E+05 6.14724E+05 5.72393E+05 5.22086E+05 4.56442E+05 3.63190E+05 2.38037E+05
2.51534E+05 3.90184E+05 5.04908E+05 5.90184E+05 6.59509E+05 7.20245E+05 7.77301E+05 8.31902E+05 8.84049E+05 9.34356E+05 9.81595E+05 1.02454E+06 1.06258E+06 1.09325E+06 1.11656E+06 1.13067E+06 1.13497E+06 1.12699E+06 1.10859E+06 1.07975E+06 1.04417E+06 1.00429E+06 9.60123E+05 9.11656E+05 8.57669E+05 7.94479E+05 7.15337E+05 6.11043E+05 4.67485E+05 2.93865E+05
2.06135E+05 3.07362E+05 3.84049E+05 4.41104E+05 4.88957E+05 5.31902E+05 5.73620E+05 6.13497E+05 6.52761E+05 6.90184E+05 7.25153E+05 7.57669E+05 7.85890E+05 8.09816E+05 8.27607E+05 8.39877E+05 8.44172E+05 8.41718E+05 8.31288E+05 8.14724E+05 7.92638E+05 7.66871E+05 7.36810E+05 7.03067E+05 6.65644E+05 6.22086E+05 5.68098E+05 4.95706E+05 3.92638E+05 2.54601E+05
2.11043E+05 3.33129E+05 4.41718E+05 5.27607E+05 5.98160E+05 6.60123E+05 7.15951E+05 7.68098E+05 8.16564E+05 8.62577E+05 9.04908E+05 9.42945E+05 9.75460E+05 1.00245E+06 1.02270E+06 1.03497E+06 1.03926E+06 1.03497E+06 1.02147E+06 1.00061E+06 9.73006E+05 9.38650E+05 8.99387E+05 8.53374E+05 8.00000E+05 7.34969E+05 6.53988E+05 5.49693E+05 4.12883E+05 2.56442E+05
1.46012E+05 2.34969E+05 3.17178E+05 3.84663E+05 4.41104E+05 4.89571E+05 5.33742E+05 5.73620E+05 6.10429E+05 6.44785E+05 6.75460E+05 7.03067E+05 7.26994E+05 7.46626E+05 7.60736E+05 7.69325E+05 7.71779E+05 7.68098E+05 7.58282E+05 7.42331E+05 7.21472E+05 6.95706E+05 6.65031E+05 6.28834E+05 5.85890E+05 5.34356E+05 4.69939E+05 3.89571E+05 2.87730E+05 1.76074E+05
1.74847E+05 2.82209E+05 3.82822E+05 4.65031E+05 5.34969E+05 5.94479E+05 6.48466E+05 6.96933E+05 7.41718E+05 7.82822E+05 8.20245E+05 8.53988E+05 8.82209E+05 9.05521E+05 9.22086E+05 9.31902E+05 9.34356E+05 9.28834E+05 9.15337E+05 8.95092E+05 8.68712E+05 8.36196E+05 7.97546E+05 7.52761E+05 7.00000E+05 6.36196E+05 5.58282E+05 4.60736E+05 3.38650E+05 2.05521E+05
2.12883E+05 3.21472E+05 4.07975E+05 4.74847E+05 5.31288E+05 5.82209E+05 6.30061E+05 6.75460E+05 7.19018E+05 7.60123E+05 7.98160E+05 8.32515E+05 8.62577E+05 8.87117E+05 9.05521E+05 9.16564E+05 9.20245E+05 9.15337E+05 9.02454E+05 8.81595E+05 8.55215E+05 8.23926E+05 7.88344E+05 7.48466E+05 7.03681E+05 6.51534E+05 5.88957E+05 5.07975E+05 3.96933E+05 2.54601E+05
2.52147E+05 3.91411E+05 5.06135E+05 5.91411E+05 6.60736E+05 7.21472E+05 7.78528E+05 8.33129E+05 8.85890E+05 9.36196E+05 9.83436E+05 1.02638E+06 1.06380E+06 1.09509E+06 1.11840E+06 1.13252E+06 1.13620E+06 1.12883E+06 1.10982E+06 1.08098E+06 1.04601E+06 1.00552E+06 9.60736E+05 9.12270E+05 8.58282E+05 7.95092E+05 7.15951E+05 6.11656E+05 4.68098E+05 2.93865E+05
2.25767E+05 3.34356E+05 4.15337E+05 4.74847E+05 5.23926E+05 5.68712E+05 6.11656E+05 6.53988E+05 6.95092E+05 7.34356E+05 7.71779E+05 8.06135E+05 8.36196E+05 8.60736E+05 8.78528E+05 8.89571E+05 8.91411E+05 8.83436E+05 8.66258E+05 8.41104E+05 8.11656E+05 7.78528E+05 7.42945E+05 7.06748E+05 6.68098E+05 6.25153E+05 5.74233E+05 5.06748E+05 4.06748E+05 2.65644E+05
2.50307E+05 3.85890E+05 4.96319E+05 5.78528E+05 6.44785E+05 7.02454E+05 7.55828E+05 8.07975E+05 8.57669E+05 9.06135E+05 9.51534E+05 9.92638E+05 1.02883E+06 1.05767E+06 1.07853E+06 1.08896E+06 1.08650E+06 1.06994E+06 1.03620E+06 9.82209E+05 9.33129E+05 8.84049E+05 8.30675E+05 7.82209E+05 7.33129E+05 6.79141E+05 6.12883E+05 5.26380E+05 4.05521E+05 2.56442E+05
2.49693E+05 3.84663E+05 4.95092E+05 5.77914E+05 6.44172E+05 7.01840E+05 7.55828E+05 8.07362E+05 8.57669E+05 9.05521E+05 9.50307E+05 9.90798E+05 1.02638E+06 1.05460E+06 1.07362E+06 1.08037E+06 1.07178E+06 1.03926E+06 9.64417E+05 8.01840E+05 7.22086E+05 6.58282E+05 5.76687E+05 5.28221E+05 4.90184E+05 4.52147E+05 4.07362E+05 3.49693E+05 2.69939E+05 1.69325E+05
2.49693E+05 3.85276E+05 4.95706E+05 5.77914E+05 6.43558E+05 7.01227E+05 7.54601E+05 8.06135E+05 8.56442E+05 9.04908E+05 9.49693E+05 9.91411E+05 1.02699E+06 1.05644E+06 1.07669E+06 1.08712E+06 1.08528E+06 1.06810E+06 1.03436E+06 9.80982E+05 9.31902E+05 8.82822E+05 8.29448E+05 7.80982E+05 7.31902E+05 6.77914E+05 6.12270E+05 5.25767E+05 4.04908E+05 2.56442E+05
2.24540E+05 3.33129E+05 4.13497E+05 4.73006E+05 5.22086E+05 5.66871E+05 6.09816E+05 6.51534E+05 6.92638E+05 7.31902E+05 7.69325E+05 8.03067E+05 8.33129E+05 8.57669E+05 8.76074E+05 8.86503E+05 8.88344E+05 8.80982E+05 8.63804E+05 8.38650E+05 8.08589E+05 7.76074E+05 7.40491E+05 7.04294E+05 6.65644E+05 6.23313E+05 5.72393E+05 5.04908E+05 4.05521E+05 2.65031E+05
2.50920E+05 3.88957E+05 5.03067E+05 5.88344E+05 6.57055E+05 7.17791E+05 7.74847E+05 8.28834E+05 8.81595E+05 9.31288E+05 9.78528E+05 1.02147E+06 1.05890E+06 1.09018E+06 1.11350E+06 1.12761E+06 1.13129E+06 1.12393E+06 1.10491E+06 1.07607E+06 1.04110E+06 1.00123E+06 9.56442E+05 9.07975E+05 8.54601E+05 7.91411E+05 7.12883E+05 6.08589E+05 4.65644E+05 2.92638E+05
2.11656E+05 3.19632E+05 4.05521E+05 4.71779E+05 5.28221E+05 5.79141E+05 6.26994E+05 6.72393E+05 7.15337E+05 7.56442E+05 7.94479E+05 8.28221E+05 8.58282E+05 8.82822E+05 9.01227E+05 9.12883E+05 9.15951E+05 9.11043E+05 8.98160E+05 8.77301E+05 8.50920E+05 8.20245E+05 7.84663E+05 7.44785E+05 7.00000E+05 6.48466E+05 5.85890E+05 5.04908E+05 3.95092E+05 2.53374E+05
1.73620E+05 2.80982E+05 3.80368E+05 4.63190E+05 5.31902E+05 5.92025E+05 6.45399E+05 6.93865E+05 7.38650E+05 7.79755E+05 8.16564E+05 8.50307E+05 8.78528E+05 9.01227E+05 9.18405E+05 9.28221E+05 9.30061E+05 9.25153E+05 9.11656E+05 8.91411E+05 8.65031E+05 8.32515E+05 7.94479E+05 7.49693E+05 6.97546E+05 6.33742E+05 5.55828E+05 4.58896E+05 3.37423E+05 2.04908E+05
1.74233E+05 2.81595E+05 3.82209E+05 4.64417E+05 5.34356E+05 5.93865E+05 6.47239E+05 6.96319E+05 7.41104E+05 7.82209E+05 8.19632E+05 8.52761E+05 8.80982E+05 9.04294E+05 9.20859E+05 9.30675E+05 9.32515E+05 9.26994E+05 9.14110E+05 8.93865E+05 8.66871E+05 8.34356E+05 7.96319E+05 7.51534E+05 6.98773E+05 6.34969E+05 5.57055E+05 4.59509E+05 3.37423E+05 2.05521E+05
2.44785E+05 3.83436E+05 5.02454E+05 5.96319E+05 6.74233E+05 7.42331E+05 8.04294E+05 8.62577E+05 9.17791E+05 9.69325E+05 1.01656E+06 1.05951E+06 1.09693E+06 1.12699E+06 1.14908E+06 1.16196E+06 1.16503E+06 1.15644E+06 1.13742E+06 1.10736E+06 1.07117E+06 1.02945E+06 9.81595E+05 9.28221E+05 8.68098E+05 7.97546E+05 7.10429E+05 6.00000E+05 4.53988E+05 2.83436E+05
2.23926E+05 3.30061E+05 4.09816E+05 4.69325E+05 5.19018E+05 5.64417E+05 6.07975E+05 6.50307E+05 6.92025E+05 7.31288E+05 7.68712E+05 8.02454E+05 8.32515E+05 8.56442E+05 8.74233E+05 8.84049E+05 8.84049E+05 8.73006E+05 8.48466E+05 8.07975E+05 7.70552E+05 7.33129E+05 6.91411E+05 6.52761E+05 6.13497E+05 5.71166E+05 5.20859E+05 4.55215E+05 3.62577E+05 2.37423E+05
2.50307E+05 3.85890E+05 4.96933E+05 5.79141E+05 6.44785E+05 7.02454E+05 7.56442E+05 8.07975E+05 8.58282E+05 9.06748E+05 9.51534E+05 9.93252E+05 1.02883E+06 1.05828E+06 1.07853E+06 1.08896E+06 1.08650E+06 1.06994E+06 1.03620E+06 9.82209E+05 9.33129E+05 8.84049E+05 8.30675E+05 7.81595E+05 7.33129E+05 6.78528E+05 6.12883E+05 5.25767E+05 4.05521E+05 2.56442E+05
1.83436E+05 2.66258E+05 3.26994E+05 3.71166E+05 4.07975E+05 4.41718E+05 4.74233E+05 5.06748E+05 5.38037E+05 5.68098E+05 5.96933E+05 6.23313E+05 6.45399E+05 6.63804E+05 6.76687E+05 6.83436E+05 6.82209E+05 6.73006E+05 6.55828E+05 6.30675E+05 6.03681E+05 5.74847E+05 5.45399E+05 5.15951E+05 4.87117E+05 4.55828E+05 4.19018E+05 3.70552E+05 2.98773E+05 1.98773E+05
1.76074E+05 2.52761E+05 3.07362E+05 3.46626E+05 3.80368E+05 4.11043E+05 4.41718E+05 4.71166E+05 5.00613E+05 5.28834E+05 5.55215E+05 5.79755E+05 6.00613E+05 6.17791E+05 6.29448E+05 6.34969E+05 6.33129E+05 6.22086E+05 6.00613E+05 5.66258E+05 5.36196E+05 5.06748E+05 4.75460E+05 4.48466E+05 4.23313E+05 3.96933E+05 3.66258E+05 3.25767E+05 2.65031E+05 1.77301E+05
1.76074E+05 2.52761E+05 3.06748E+05 3.46626E+05 3.79755E+05 4.11043E+05 4.41104E+05 4.70552E+05 5.00000E+05 5.28221E+05 5.54601E+05 5.79141E+05 6.00000E+05 6.17178E+05 6.28834E+05 6.34356E+05 6.32515E+05 6.21472E+05 6.00000E+05 5.66258E+05 5.36196E+05 5.06135E+05 4.75460E+05 4.48466E+05 4.22699E+05 3.96933E+05 3.66258E+05 3.25767E+05 2.65031E+05 1.77301E+05
1.82822E+05 2.65644E+05 3.25767E+05 3.69939E+05 4.06135E+05 4.39877E+05 4.72393E+05 5.04294E+05 5.36196E+05 5.66258E+05 5.95092E+05 6.20859E+05 6.43558E+05 6.61963E+05 6.74847E+05 6.80982E+05 6.80368E+05 6.71166E+05 6.53374E+05 6.28834E+05 6.01840E+05 5.73006E+05 5.43558E+05 5.14724E+05 4.85890E+05 4.54601E+05 4.18405E+05 3.69939E+05 2.98160E+05 1.98773E+05
2.49080E+05 3.84049E+05 4.94479E+05 5.76687E+05 6.42331E+05 6.99387E+05 7.52761E+05 8.04294E+05 8.54601E+05 9.02454E+05 9.47853E+05 9.88957E+05 1.02515E+06 1.05399E+06 1.07485E+06 1.08466E+06 1.08282E+06 1.06564E+06 1.03252E+06 9.78528E+05 9.30061E+05 8.80982E+05 8.27607E+05 7.79141E+05 7.30675E+05 6.76687E+05 6.11043E+05 5.24540E+05 4.04294E+05 2.55828E+05
2.23313E+05 3.28834E+05 4.07975E+05 4.66871E+05 5.16564E+05 5.61963E+05 6.05521E+05 6.47853E+05 6.88957E+05 7.28221E+05 7.65031E+05 7.99387E+05 8.28834E+05 8.53374E+05 8.70552E+05 8.80368E+05 8.80368E+05 8.69325E+05 8.45399E+05 8.04908E+05 7.68098E+05 7.30061E+05 6.88957E+05 6.50307E+05 6.11656E+05 5.69325E+05 5.19018E+05 4.53988E+05 3.61963E+05 2.36810E+05
2.43558E+05 3.81595E+05 5.00613E+05 5.93865E+05 6.71166E+05 7.39264E+05 8.01227E+05 8.59509E+05 9.14110E+05 9.65644E+05 1.01288E+06 1.05583E+06 1.09264E+06 1.12331E+06 1.14540E+06 1.15828E+06 1.16135E+06 1.15337E+06 1.13374E+06 1.10429E+06 1.06871E+06 1.02638E+06 9.79141E+05 9.26380E+05 8.66258E+05 7.95706E+05 7.09202E+05 5.98773E+05 4.53374E+05 2.82822E+05
1.73620E+05 2.80982E+05 3.80982E+05 4.63190E+05 5.32515E+05 5.92025E+05 6.45399E+05 6.93865E+05 7.38650E+05 7.79755E+05 8.17178E+05 8.50307E+05 8.79141E+05 9.01840E+05 9.18405E+05 9.28221E+05 9.30675E+05 9.25767E+05 9.12270E+05 8.92025E+05 8.65644E+05 8.33742E+05 7.95092E+05 7.50920E+05 6.98160E+05 6.34356E+05 5.56442E+05 4.59509E+05 3.37423E+05 2.05521E+05
1.46626E+05 2.35583E+05 3.17791E+05 3.85276E+05 4.42331E+05 4.91411E+05 5.34969E+05 5.75460E+05 6.12270E+05 6.46626E+05 6.77301E+05 7.04908E+05 7.28834E+05 7.47853E+05 7.61963E+05 7.70552E+05 7.73006E+05 7.69325E+05 7.59509E+05 7.43558E+05 7.22086E+05 6.96319E+05 6.65644E+05 6.29448E+05 5.86503E+05 5.34356E+05 4.70552E+05 3.89571E+05 2.88344E+05 1.76074E+05
2.12270E+05 3.20859E+05 4.06748E+05 4.73620E+05 5.30061E+05 5.80982E+05 6.28834E+05 6.74233E+05 7.17791E+05 7.58896E+05 7.96319E+05 8.30675E+05 8.60736E+05 8.85276E+05 9.03681E+05 9.14724E+05 9.17791E+05 9.12883E+05 9.00000E+05 8.79141E+05 8.52761E+05 8.21472E+05 7.85276E+05 7.46012E+05 7.01227E+05 6.49080E+05 5.86503E+05 5.05521E+05 3.95092E+05 2.53374E+05
2.23926E+05 3.30061E+05 4.09202E+05 4.68712E+05 5.18405E+05 5.63804E+05 6.07362E+05 6.49693E+05 6.90798E+05 7.30675E+05 7.67485E+05 8.01840E+05 8.31288E+05 8.55215E+05 8.73006E+05 8.82822E+05 8.82822E+05 8.71166E+05 8.47239E+05 8.06135E+05 7.69325E+05 7.31288E+05 6.89571E+05 6.51534E+05 6.12270E+05 5.69939E+05 5.19632E+05 4.54601E+05 3.61963E+05 2.36810E+05
2.49693E+05 3.84663E+05 4.95092E+05 5.77914E+05 6.44172E+05 7.01840E+05 7.55828E+05 8.07362E+05 8.57669E+05 9.05521E+05 9.50307E+05 9.90798E+05 1.02638E+06 1.05399E+06 1.07301E+06 1.08037E+06 1.07117E+06 1.03926E+06 9.63804E+05 8.01227E+05 7.21472E+05 6.57669E+05 5.76074E+05 5.27607E+05 4.89571E+05 4.51534E+05 4.06748E+05 3.49080E+05 2.69325E+05 1.69325E+05
1.76074E+05 2.52761E+05 3.07362E+05 3.46626E+05 3.80368E+05 4.11043E+05 4.41718E+05 4.71166E+05 5.00613E+05 5.28834E+05 5.55215E+05 5.79755E+05 6.00613E+05 6.17791E+05 6.29448E+05 6.34969E+05 6.33129E+05 6.22086E+05 6.00613E+05 5.66258E+05 5.36196E+05 5.06748E+05 4.75460E+05 4.48466E+05 4.22699E+05 3.96933E+05 3.66258E+05 3.25153E+05 2.65031E+05 1.77301E+05
1.94479E+05 2.98160E+05 3.81595E+05 4.42331E+05 4.92025E+05 5.36196E+05 5.77301E+05 6.17178E+05 6.55215E+05 6.91411E+05 7.25153E+05 7.55828E+05 7.82209E+05 8.03067E+05 8.17178E+05 8.23926E+05 8.22699E+05 8.11656E+05 7.92025E+05 7.65031E+05 7.33742E+05 7.00613E+05 6.65031E+05 6.29448E+05 5.91411E+05 5.49693E+05 4.98160E+05 4.29448E+05 3.32515E+05 2.11043E+05
2.07975E+05 3.22086E+05 4.19632E+05 4.93252E+05 5.53374E+05 6.04908E+05 6.52761E+05 6.97546E+05 7.39877E+05 7.80368E+05 8.17791E+05 8.51534E+05 8.79755E+05 9.02454E+05 9.17791E+05 9.24540E+05 9.22086E+05 9.09816E+05 8.88344E+05 8.57669E+05 8.23313E+05 7.85890E+05 7.46012E+05 7.05521E+05 6.61350E+05 6.11656E+05 5.49693E+05 4.68712E+05 3.57669E+05 2.26380E+05
1.94479E+05 2.97546E+05 3.80368E+05 4.41104E+05 4.90798E+05 5.34969E+05 5.76074E+05 6.15337E+05 6.53374E+05 6.90184E+05 7.23926E+05 7.53988E+05 7.80368E+05 8.01227E+05 8.15337E+05 8.22086E+05 8.20859E+05 8.10429E+05 7.90798E+05 7.63804E+05 7.32515E+05 6.99387E+05 6.64417E+05 6.28221E+05 5.90798E+05 5.49080E+05 4.97546E+05 4.28834E+05 3.31902E+05 2.11043E+05
1.75460E+05 2.52147E+05 3.06748E+05 3.46012E+05 3.79141E+05 4.10429E+05 4.40491E+05 4.69939E+05 4.99387E+05 5.27607E+05 5.53988E+05 5.77914E+05 5.99387E+05 6.15951E+05 6.28221E+05 6.33742E+05 6.31288E+05 6.20859E+05 5.99387E+05 5.65644E+05 5.35583E+05 5.06135E+05 4.74847E+05 4.47853E+05 4.22699E+05 3.96319E+05 3.66258E+05 3.25767E+05 2.65031E+05 1.77301E+05
2.48466E+05 3.83436E+05 4.93252E+05 5.75460E+05 6.41718E+05 6.99387E+05 7.52761E+05 8.04294E+05 8.54601E+05 9.01840E+05 9.46626E+05 9.87117E+05 1.02270E+06 1.05092E+06 1.06933E+06 1.07669E+06 1.06810E+06 1.03620E+06 9.61350E+05 7.99387E+05 7.19632E+05 6.56442E+05 5.74847E+05 5.26994E+05 4.88344E+05 4.50920E+05 4.06135E+05 3.48466E+05 2.69325E+05 1.68712E+05
2.23313E+05 3.28834E+05 4.07975E+05 4.66871E+05 5.16564E+05 5.61963E+05 6.05521E+05 6.47853E+05 6.88957E+05 7.28221E+05 7.65644E+05 7.99387E+05 8.28834E+05 8.53374E+05 8.71166E+05 8.80368E+05 8.80982E+05 8.69325E+05 8.45399E+05 8.04908E+05 7.68098E+05 7.30061E+05 6.88957E+05 6.50307E+05 6.11656E+05 5.69325E+05 5.19018E+05 4.53988E+05 3.61350E+05 2.36810E+05
2.11656E+05 3.19632E+05 4.05521E+05 4.72393E+05 5.28834E+05 5.79755E+05 6.26994E+05 6.72393E+05 7.15951E+05 7.56442E+05 7.94479E+05 8.28834E+05 8.58896E+05 8.83436E+05 9.01840E+05 9.12883E+05 9.16564E+05 9.12270E+05 8.98773E+05 8.78528E+05 8.52147E+05 8.20859E+05 7.85276E+05 7.46012E+05 7.01227E+05 6.49693E+05 5.86503E+05 5.06135E+05 3.95706E+05 2.53988E+05
1.46626E+05 2.35583E+05 3.18405E+05 3.85276E+05 4.41718E+05 4.90798E+05 5.34356E+05 5.74847E+05 6.11656E+05 6.46012E+05 6.77301E+05 7.04908E+05 7.28834E+05 7.48466E+05 7.62577E+05 7.71166E+05 7.74233E+05 7.70552E+05 7.60736E+05 7.44785E+05 7.23926E+05 6.98160E+05 6.67485E+05 6.31902E+05 5.88957E+05 5.36810E+05 4.73006E+05 3.92025E+05 2.89571E+05 1.77301E+05
6.31902E+04 9.20245E+04 1.15337E+05 1.33129E+05 1.49080E+05 1.63804E+05 1.77914E+05 1.90798E+05 2.03067E+05 2.14724E+05 2.25767E+05 2.35583E+05 2.43558E+05 2.50920E+05 2.55828E+05 2.59509E+05 2.60736E+05 2.60123E+05 2.57669E+05 2.52761E+05 2.46626E+05 2.38650E+05 2.29448E+05 2.18405E+05 2.06135E+05 1.91411E+05 1.73620E+05 1.51534E+05 1.20859E+05 7.97546E+04
2.11043E+05 3.33742E+05 4.42331E+05 5.28221E+05 5.99387E+05 6.61350E+05 7.17178E+05 7.69325E+05 8.18405E+05 8.64417E+05 9.06135E+05 9.44172E+05 9.77301E+05 1.00429E+06 1.02393E+06 1.03620E+06 1.03988E+06 1.03558E+06 1.02209E+06 1.00061E+06 9.73006E+05 9.38650E+05 8.98773E+05 8.52761E+05 7.99387E+05 7.34356E+05 6.53374E+05 5.49080E+05 4.12270E+05 2.55828E+05
2.51534E+05 3.90184E+05 5.04294E+05 5.89571E+05 6.58896E+05 7.19632E+05 7.76687E+05 8.31288E+05 8.83436E+05 9.33742E+05 9.80982E+05 1.02393E+06 1.06135E+06 1.09202E+06 1.11534E+06 1.12945E+06 1.13252E+06 1.12515E+06 1.10613E+06 1.07669E+06 1.04172E+06 1.00123E+06 9.56442E+05 9.08589E+05 8.54601E+05 7.91411E+05 7.12883E+05 6.08589E+05 4.65644E+05 2.92638E+05
2.50307E+05 3.85276E+05 4.96319E+05 5.78528E+05 6.44172E+05 7.01840E+05 7.55215E+05 8.07362E+05 8.57055E+05 9.05521E+05 9.50920E+05 9.92025E+05 1.02761E+06 1.05644E+06 1.07730E+06 1.08712E+06 1.08528E+06 1.06810E+06 1.03436E+06 9.80368E+05 9.31288E+05 8.81595E+05 8.28834E+05 7.79755E+05 7.30675E+05 6.76687E+05 6.11043E+05 5.24540E+05 4.04294E+05 2.55828E+05
1.76074E+05 2.52761E+05 3.07362E+05 3.46626E+05 3.80368E+05 4.11043E+05 4.41718E+05 4.71166E+05 5.00613E+05 5.28834E+05 5.55215E+05 5.79755E+05 6.00613E+05 6.17178E+05 6.29448E+05 6.34969E+05 6.32515E+05 6.21472E+05 6.00000E+05 5.66258E+05 5.35583E+05 5.06135E+05 4.74847E+05 4.47853E+05 4.22699E+05 3.96319E+05 3.65644E+05 3.25153E+05 2.64417E+05 1.77301E+05
2.08589E+05 3.22699E+05 4.20245E+05 4.94479E+05 5.53988E+05 6.06135E+05 6.53988E+05 6.98773E+05 7.41718E+05 7.82209E+05 8.19632E+05 8.52761E+05 8.81595E+05 9.03681E+05 9.19018E+05 9.25767E+05 9.23926E+05 9.11043E+05 8.89571E+05 8.58896E+05 8.24540E+05 7.86503E+05 7.47239E+05 7.06135E+05 6.61963E+05 6.12270E+05 5.50307E+05 4.68712E+05 3.57669E+05 2.26380E+05
1.57669E+05 2.30061E+05 2.84049E+05 3.23926E+05 3.57669E+05 3.88957E+05 4.18405E+05 4.47239E+05 4.74847E+05 5.01227E+05 5.25767E+05 5.48466E+05 5.67485E+05 5.82209E+05 5.93252E+05 5.98773E+05 5.98773E+05 5.92638E+05 5.80982E+05 5.65031E+05 5.45399E+05 5.23313E+05 5.00000E+05 4.75460E+05 4.49693E+05 4.20859E+05 3.85890E+05 3.40491E+05 2.73620E+05 1.80982E+05
1.57055E+05 2.30061E+05 2.83436E+05 3.23313E+05 3.57055E+05 3.87730E+05 4.17791E+05 4.46012E+05 4.74233E+05 5.00613E+05 5.25153E+05 5.47239E+05 5.66258E+05 5.81595E+05 5.92025E+05 5.97546E+05 5.97546E+05 5.92025E+05 5.80368E+05 5.64417E+05 5.44785E+05 5.22699E+05 4.99387E+05 4.74847E+05 4.49080E+05 4.20245E+05 3.85890E+05 3.39877E+05 2.73620E+05 1.80982E+05
2.07975E+05 3.21472E+05 4.19018E+05 4.93252E+05 5.52761E+05 6.04294E+05 6.52147E+05 6.96933E+05 7.39877E+05 7.79755E+05 8.17178E+05 8.50920E+05 8.79141E+05 9.01840E+05 9.17178E+05 9.23926E+05 9.22086E+05 9.09816E+05 8.87730E+05 8.57669E+05 8.23313E+05 7.85890E+05 7.46012E+05 7.04908E+05 6.61350E+05 6.11656E+05 5.49693E+05 4.68712E+05 3.57669E+05 2.26380E+05
1.75460E+05 2.52761E+05 3.06748E+05 3.46012E+05 3.79755E+05 4.10429E+05 4.40491E+05 4.69939E+05 4.99387E+05 5.27607E+05 5.53988E+05 5.78528E+05 5.99387E+05 6.16564E+05 6.28221E+05 6.33742E+05 6.31902E+05 6.20859E+05 5.99387E+05 5.65644E+05 5.35583E+05 5.06135E+05 4.74847E+05 4.48466E+05 4.22699E+05 3.96933E+05 3.66258E+05 3.25767E+05 2.65031E+05 1.77301E+05
2.49080E+05 3.84049E+05 4.93865E+05 5.76074E+05 6.41104E+05 6.98773E+05 7.52147E+05 8.03681E+05 8.53374E+05 9.01840E+05 9.46626E+05 9.87730E+05 1.02393E+06 1.05276E+06 1.07362E+06 1.08405E+06 1.08160E+06 1.06503E+06 1.03129E+06 9.77914E+05 9.28834E+05 8.79755E+05 8.26994E+05 7.78528E+05 7.30061E+05 6.76074E+05 6.10429E+05 5.23926E+05 4.03681E+05 2.55828E+05
2.50307E+05 3.88344E+05 5.02454E+05 5.87730E+05 6.56442E+05 7.17178E+05 7.73620E+05 8.27607E+05 8.80368E+05 9.30061E+05 9.77301E+05 1.02025E+06 1.05767E+06 1.08896E+06 1.11227E+06 1.12638E+06 1.13006E+06 1.12270E+06 1.10368E+06 1.07485E+06 1.03988E+06 1.00000E+06 9.55828E+05 9.07362E+05 8.53988E+05 7.90798E+05 7.12270E+05 6.08589E+05 4.65644E+05 2.92638E+05
2.11043E+05 3.33129E+05 4.41718E+05 5.27607E+05 5.98773E+05 6.60123E+05 7.15951E+05 7.68098E+05 8.16564E+05 8.62577E+05 9.04908E+05 9.42945E+05 9.76074E+05 1.00307E+06 1.02331E+06 1.03620E+06 1.04049E+06 1.03558E+06 1.02270E+06 1.00184E+06 9.74233E+05 9.40491E+05 9.01227E+05 8.55215E+05 8.01840E+05 7.36810E+05 6.55828E+05 5.51534E+05 4.14110E+05 2.57055E+05
6.50307E+04 9.50920E+04 1.17791E+05 1.36196E+05 1.52147E+05 1.66258E+05 1.80368E+05 1.93252E+05 2.06135E+05 2.17791E+05 2.28834E+05 2.39264E+05 2.47853E+05 2.55215E+05 2.60736E+05 2.64417E+05 2.66258E+05 2.66258E+05 2.63804E+05 2.58896E+05 2.52761E+05 2.44785E+05 2.35583E+05 2.25153E+05 2.12270E+05 1.98160E+05 1.80368E+05 1.57055E+05 1.25767E+05 8.28221E+04
1.02454E+05 1.48466E+05 1.82209E+05 2.08589E+05 2.31288E+05 2.52147E+05 2.72393E+05 2.92025E+05 3.10429E+05 3.28834E+05 3.45399E+05 3.60736E+05 3.74233E+05 3.85276E+05 3.93865E+05 3.99387E+05 4.02454E+05 4.01840E+05 3.97546E+05 3.90798E+05 3.81595E+05 3.69939E+05 3.55828E+05 3.40491E+05 3.22699E+05 3.01840E+05 2.76687E+05 2.43558E+05 1.96933E+05 1.30675E+05
2.06135E+05 3.07362E+05 3.84049E+05 4.41718E+05 4.88957E+05 5.32515E+05 5.73620E+05 6.14110E+05 6.53374E+05 6.90184E+05 7.25767E+05 7.57669E+05 7.85890E+05 8.09816E+05 8.27607E+05 8.39264E+05 8.43558E+05 8.40491E+05 8.30675E+05 8.13497E+05 7.91411E+05 7.65031E+05 7.34969E+05 7.01840E+05 6.63804E+05 6.20245E+05 5.66258E+05 4.93865E+05 3.91411E+05 2.53988E+05
2.25153E+05 3.33129E+05 4.14110E+05 4.73620E+05 5.22699E+05 5.68098E+05 6.11043E+05 6.52761E+05 6.93865E+05 7.33129E+05 7.70552E+05 8.04908E+05 8.34356E+05 8.58896E+05 8.76687E+05 8.87117E+05 8.88957E+05 8.81595E+05 8.63804E+05 8.38650E+05 8.08589E+05 7.75460E+05 7.40491E+05 7.03681E+05 6.65031E+05 6.22086E+05 5.71166E+05 5.04294E+05 4.04908E+05 2.64417E+05
1.83436E+05 2.66258E+05 3.26380E+05 3.70552E+05 4.07362E+05 4.41104E+05 4.74233E+05 5.06135E+05 5.38037E+05 5.68098E+05 5.96933E+05 6.22699E+05 6.45399E+05 6.63190E+05 6.76074E+05 6.82822E+05 6.81595E+05 6.72393E+05 6.54601E+05 6.30061E+05 6.02454E+05 5.73620E+05 5.44172E+05 5.15337E+05 4.85890E+05 4.54601E+05 4.17791E+05 3.69325E+05 2.98160E+05 1.98160E+05
1.95092E+05 2.98773E+05 3.81595E+05 4.42945E+05 4.92638E+05 5.36810E+05 5.78528E+05 6.17791E+05 6.56442E+05 6.92638E+05 7.26380E+05 7.57055E+05 7.82822E+05 8.03681E+05 8.18405E+05 8.25153E+05 8.23313E+05 8.12883E+05 7.92638E+05 7.65644E+05 7.34356E+05 7.00613E+05 6.65644E+05 6.29448E+05 5.92025E+05 5.49693E+05 4.98160E+05 4.29448E+05 3.32515E+05 2.11043E+05
1.58282E+05 2.31288E+05 2.85276E+05 3.25153E+05 3.59509E+05 3.90184E+05 4.20245E+05 4.49080E+05 4.76687E+05 5.03681E+05 5.28221E+05 5.50307E+05 5.69325E+05 5.84663E+05 5.95706E+05 6.01227E+05 6.00613E+05 5.95092E+05 5.83436E+05 5.66871E+05 5.47239E+05 5.25153E+05 5.01840E+05 4.77301E+05 4.50920E+05 4.22086E+05 3.87730E+05 3.41718E+05 2.74847E+05 1.81595E+05
1.25767E+05 1.76074E+05 2.09816E+05 2.33742E+05 2.55215E+05 2.74847E+05 2.95092E+05 3.14724E+05 3.34356E+05 3.53374E+05 3.71166E+05 3.87117E+05 4.01227E+05 4.12270E+05 4.20859E+05 4.25153E+05 4.26380E+05 4.23313E+05 4.16564E+05 4.06135E+05 3.93865E+05 3.79755E+05 3.64417E+05 3.48466E+05 3.31902E+05 3.14110E+05 2.93252E+05 2.65031E+05 2.20245E+05 1.50920E+05
1.57669E+05 2.30061E+05 2.84049E+05 3.24540E+05 3.58282E+05 3.88957E+05 4.19018E+05 4.47853E+05 4.75460E+05 5.01840E+05 5.26994E+05 5.49080E+05 5.68098E+05 5.83436E+05 5.93865E+05 5.99387E+05 5.99387E+05 5.93252E+05 5.82209E+05 5.65644E+05 5.46012E+05 5.24540E+05 5.00613E+05 4.76074E+05 4.50307E+05 4.21472E+05 3.86503E+05 3.40491E+05 2.73620E+05 1.80982E+05
1.94479E+05 2.98160E+05 3.80982E+05 4.41718E+05 4.91411E+05 5.35583E+05 5.76687E+05 6.15951E+05 6.53988E+05 6.90184E+05 7.23926E+05 7.54601E+05 7.80982E+05 8.01840E+05 8.15951E+05 8.23313E+05 8.21472E+05 8.11043E+05 7.91411E+05 7.64417E+05 7.33129E+05 7.00000E+05 6.65031E+05 6.28834E+05 5.91411E+05 5.49693E+05 4.98160E+05 4.29448E+05 3.32515E+05 2.11043E+05
1.82822E+05 2.65031E+05 3.25153E+05 3.68712E+05 4.05521E+05 4.39264E+05 4.71779E+05 5.03681E+05 5.34969E+05 5.65644E+05 5.93865E+05 6.20245E+05 6.42331E+05 6.60736E+05 6.73620E+05 6.80368E+05 6.79141E+05 6.70552E+05 6.52761E+05 6.28221E+05 6.01227E+05 5.72393E+05 5.42945E+05 5.14110E+05 4.85276E+05 4.53988E+05 4.17791E+05 3.69325E+05 2.98160E+05 1.98160E+05
2.23926E+05 3.31288E+05 4.11656E+05 4.70552E+05 5.19632E+05 5.64417E+05 6.06748E+05 6.49080E+05 6.89571E+05 7.28834E+05 7.66258E+05 8.00000E+05 8.30061E+05 8.54601E+05 8.72393E+05 8.83436E+05 8.85276E+05 8.77301E+05 8.60736E+05 8.35583E+05 8.05521E+05 7.73006E+05 7.38037E+05 7.01840E+05 6.63804E+05 6.20859E+05 5.70552E+05 5.03681E+05 4.04294E+05 2.64417E+05
2.04908E+05 3.06135E+05 3.82209E+05 4.39264E+05 4.86503E+05 5.29448E+05 5.70552E+05 6.10429E+05 6.49693E+05 6.86503E+05 7.22086E+05 7.53988E+05 7.82209E+05 8.06135E+05 8.23926E+05 8.35583E+05 8.40491E+05 8.38037E+05 8.27607E+05 8.11043E+05 7.89571E+05 7.63190E+05 7.33742E+05 7.00613E+05 6.63190E+05 6.19632E+05 5.65644E+05 4.93865E+05 3.91411E+05 2.53988E+05
1.02454E+05 1.47853E+05 1.82209E+05 2.07975E+05 2.30675E+05 2.51534E+05 2.71166E+05 2.90798E+05 3.09816E+05 3.27607E+05 3.44172E+05 3.59509E+05 3.73006E+05 3.84663E+05 3.93252E+05 3.99387E+05 4.01840E+05 4.01227E+05 3.97546E+05 3.90798E+05 3.81595E+05 3.69939E+05 3.56442E+05 3.41104E+05 3.23313E+05 3.02454E+05 2.77301E+05 2.44785E+05 1.97546E+05 1.31288E+05
6.25767E+04 9.20245E+04 1.14724E+05 1.33129E+05 1.49080E+05 1.63804E+05 1.77914E+05 1.90798E+05 2.03067E+05 2.14724E+05 2.25767E+05 2.35583E+05 2.43558E+05 2.50920E+05 2.55828E+05 2.59509E+05 2.60736E+05 2.60123E+05 2.57669E+05 2.52761E+05 2.46626E+05 2.38650E+05 2.28834E+05 2.18405E+05 2.05521E+05 1.91411E+05 1.73620E+05 1.50920E+05 1.20859E+05 7.97546E+04
2.11656E+05 3.33742E+05 4.42945E+05 5.28834E+05 6.00613E+05 6.62577E+05 7.18405E+05 7.70552E+05 8.19632E+05 8.65644E+05 9.07975E+05 9.46012E+05 9.78528E+05 1.00552E+06 1.02515E+06 1.03742E+06 1.04172E+06 1.03681E+06 1.02331E+06 1.00184E+06 9.73620E+05 9.39877E+05 8.99387E+05 8.53374E+05 7.99387E+05 7.34356E+05 6.53374E+05 5.49080E+05 4.12270E+05 2.55828E+05
2.51534E+05 3.90798E+05 5.05521E+05 5.90798E+05 6.60123E+05 7.21472E+05 7.78528E+05 8.33129E+05 8.85890E+05 9.36196E+05 9.83436E+05 1.02638E+06 1.06380E+06 1.09448E+06 1.11779E+06 1.13190E+06 1.13497E+06 1.12699E+06 1.10798E+06 1.07853E+06 1.04356E+06 1.00307E+06 9.58282E+05 9.09202E+05 8.55215E+05 7.92025E+05 7.12883E+05 6.08589E+05 4.65644E+05 2.92638E+05
2.50307E+05 3.85890E+05 4.96933E+05 5.79141E+05 6.45399E+05 7.03067E+05 7.57055E+05 8.08589E+05 8.58896E+05 9.07362E+05 9.52147E+05 9.93865E+05 1.02945E+06 1.05828E+06 1.07914E+06 1.08896E+06 1.08650E+06 1.06933E+06 1.03558E+06 9.81595E+05 9.31902E+05 8.82822E+05 8.29448E+05 7.80368E+05 7.31288E+05 6.77301E+05 6.11656E+05 5.24540E+05 4.04294E+05 2.55828E+05
1.76074E+05 2.52761E+05 3.07362E+05 3.46626E+05 3.80368E+05 4.11043E+05 4.41104E+05 4.71166E+05 5.00000E+05 5.28221E+05 5.55215E+05 5.79141E+05 6.00000E+05 6.17178E+05 6.28834E+05 6.34356E+05 6.32515E+05 6.20859E+05 5.99387E+05 5.65644E+05 5.35583E+05 5.06135E+05 4.74847E+05 4.47853E+05 4.22086E+05 3.96319E+05 3.65644E+05 3.25153E+05 2.64417E+05 1.77301E+05
2.08589E+05 3.22699E+05 4.20245E+05 4.94479E+05 5.54601E+05 6.06748E+05 6.53988E+05 6.99387E+05 7.42331E+05 7.82822E+05 8.19632E+05 8.53374E+05 8.82209E+05 9.04294E+05 9.19632E+05 9.26380E+05 9.23926E+05 9.11656E+05 8.89571E+05 8.59509E+05 8.24540E+05 7.87117E+05 7.47239E+05 7.06135E+05 6.62577E+05 6.12270E+05 5.50920E+05 4.69325E+05 3.58282E+05 2.26380E+05
1.58282E+05 2.31288E+05 2.85890E+05 3.25767E+05 3.60123E+05 3.90798E+05 4.20859E+05 4.49693E+05 4.77914E+05 5.04294E+05 5.29448E+05 5.51534E+05 5.70552E+05 5.85890E+05 5.96319E+05 6.01840E+05 6.01840E+05 5.95706E+05 5.84049E+05 5.68098E+05 5.48466E+05 5.26380E+05 5.03067E+05 4.77914E+05 4.52147E+05 4.22699E+05 3.88344E+05 3.41718E+05 2.74847E+05 1.81595E+05
1.58282E+05 2.31288E+05 2.85276E+05 3.25153E+05 3.59509E+05 3.90184E+05 4.20245E+05 4.49080E+05 4.77301E+05 5.03681E+05 5.28221E+05 5.50920E+05 5.69939E+05 5.85276E+05 5.95706E+05 6.01227E+05 6.01227E+05 5.95092E+05 5.83436E+05 5.67485E+05 5.47853E+05 5.25767E+05 5.02454E+05 4.77914E+05 4.51534E+05 4.22086E+05 3.87730E+05 3.41718E+05 2.74233E+05 1.81595E+05
2.08589E+05 3.22699E+05 4.20245E+05 4.94479E+05 5.54601E+05 6.06135E+05 6.53988E+05 6.98773E+05 7.41718E+05 7.82209E+05 8.19632E+05 8.53374E+05 8.81595E+05 9.04294E+05 9.19632E+05 9.26380E+05 9.24540E+05 9.12270E+05 8.90184E+05 8.60123E+05 8.25153E+05 7.87730E+05 7.47853E+05 7.06748E+05 6.63190E+05 6.12883E+05 5.50920E+05 4.69939E+05 3.58282E+05 2.26994E+05
1.76074E+05 2.53374E+05 3.07362E+05 3.47239E+05 3.80368E+05 4.11656E+05 4.41718E+05 4.71166E+05 5.00613E+05 5.28834E+05 5.55828E+05 5.79755E+05 6.00613E+05 6.17791E+05 6.30061E+05 6.35583E+05 6.33129E+05 6.22086E+05 6.01227E+05 5.66871E+05 5.36810E+05 5.07362E+05 4.76074E+05 4.49080E+05 4.23926E+05 3.97546E+05 3.66871E+05 3.26380E+05 2.65644E+05 1.77914E+05
2.49080E+05 3.84049E+05 4.93865E+05 5.76074E+05 6.41104E+05 6.98773E+05 7.52147E+05 8.03681E+05 8.53988E+05 9.01840E+05 9.46626E+05 9.88344E+05 1.02393E+06 1.05337E+06 1.07362E+06 1.08405E+06 1.08160E+06 1.06503E+06 1.03129E+06 9.77914E+05 9.29448E+05 8.79755E+05 8.26994E+05 7.78528E+05 7.30061E+05 6.76074E+05 6.10429E+05 5.23926E+05 4.03681E+05 2.55828E+05
2.50307E+05 3.88344E+05 5.01840E+05 5.87117E+05 6.55828E+05 7.16564E+05 7.73006E+05 8.26994E+05 8.79755E+05 9.29448E+05 9.76687E+05 1.01963E+06 1.05706E+06 1.08773E+06 1.11104E+06 1.12515E+06 1.12883E+06 1.12147E+06 1.10245E+06 1.07423E+06 1.03926E+06 9.98773E+05 9.54601E+05 9.06748E+05 8.52761E+05 7.90184E+05 7.11656E+05 6.07362E+05 4.65031E+05 2.92025E+05
2.10429E+05 3.31902E+05 4.40491E+05 5.25767E+05 5.96933E+05 6.58282E+05 7.14110E+05 7.66258E+05 8.14724E+05 8.60123E+05 9.02454E+05 9.40491E+05 9.73620E+05 1.00000E+06 1.02025E+06 1.03313E+06 1.03681E+06 1.03252E+06 1.01902E+06 9.98160E+05 9.70552E+05 9.36810E+05 8.97546E+05 8.51534E+05 7.98160E+05 7.33742E+05 6.52761E+05 5.48466E+05 4.12270E+05 2.55828E+05
6.25767E+04 9.14110E+04 1.14110E+05 1.32515E+05 1.48466E+05 1.63190E+05 1.76687E+05 1.89571E+05 2.01840E+05 2.13497E+05 2.24540E+05 2.34356E+05 2.42331E+05 2.49693E+05 2.55215E+05 2.58282E+05 2.60123E+05 2.59509E+05 2.56442E+05 2.52147E+05 2.46012E+05 2.38037E+05 2.28834E+05 2.17791E+05 2.05521E+05 1.90798E+05 1.73620E+05 1.50920E+05 1.20859E+05 7.97546E+04
1.46626E+05 2.36196E+05 3.18405E+05 3.86503E+05 4.42945E+05 4.92025E+05 5.36196E+05 5.76074E+05 6.13497E+05 6.47853E+05 6.78528E+05 7.06748E+05 7.30061E+05 7.49693E+05 7.63190E+05 7.71779E+05 7.74233E+05 7.70552E+05 7.60123E+05 7.44172E+05 7.23313E+05 6.96933E+05 6.66258E+05 6.29448E+05 5.86503E+05 5.34969E+05 4.70552E+05 3.89571E+05 2.88344E+05 1.76074E+05
2.12883E+05 3.21472E+05 4.07975E+05 4.74847E+05 5.31288E+05 5.82822E+05 6.30675E+05 6.76687E+05 7.19632E+05 7.60736E+05 7.98773E+05 8.33129E+05 8.63190E+05 8.87730E+05 9.06135E+05 9.17178E+05 9.20245E+05 9.15337E+05 9.01840E+05 8.80982E+05 8.53988E+05 8.22699E+05 7.87117E+05 7.46626E+05 7.01840E+05 6.49693E+05 5.86503E+05 5.06135E+05 3.95706E+05 2.53988E+05
2.24540E+05 3.30675E+05 4.10429E+05 4.69939E+05 5.19632E+05 5.65644E+05 6.09202E+05 6.51534E+05 6.93252E+05 7.33129E+05 7.69939E+05 8.04294E+05 8.33742E+05 8.57669E+05 8.75460E+05 8.85276E+05 8.85276E+05 8.73620E+05 8.49080E+05 8.07975E+05 7.70552E+05 7.32515E+05 6.90798E+05 6.52147E+05 6.12883E+05 5.70552E+05 5.20245E+05 4.54601E+05 3.61963E+05 2.36810E+05
2.49693E+05 3.85276E+05 4.95706E+05 5.78528E+05 6.44785E+05 7.03067E+05 7.57055E+05 8.09202E+05 8.58896E+05 9.06748E+05 9.51534E+05 9.92638E+05 1.02761E+06 1.05583E+06 1.07485E+06 1.08160E+06 1.07239E+06 1.03988E+06 9.65031E+05 8.01840E+05 7.22086E+05 6.58282E+05 5.76074E+05 5.28221E+05 4.89571E+05 4.51534E+05 4.06748E+05 3.49080E+05 2.69939E+05 1.69325E+05
1.76074E+05 2.52761E+05 3.06748E+05 3.46012E+05 3.79141E+05 4.10429E+05 4.40491E+05 4.69939E+05 4.98773E+05 5.26994E+05 5.53988E+05 5.77914E+05 5.98773E+05 6.15951E+05 6.27607E+05 6.33129E+05 6.30675E+05 6.19632E+05 5.98160E+05 5.64417E+05 5.34356E+05 5.04908E+05 4.73620E+05 4.47239E+05 4.21472E+05 3.95706E+05 3.65031E+05 3.25153E+05 2.65031E+05 1.77301E+05
1.95092E+05 2.98773E+05 3.82209E+05 4.43558E+05 4.93252E+05 5.37423E+05 5.78528E+05 6.18405E+05 6.56442E+05 6.92638E+05 7.26380E+05 7.57055E+05 7.83436E+05 8.04294E+05 8.18405E+05 8.25153E+05 8.23926E+05 8.12883E+05 7.93252E+05 7.66258E+05 7.34969E+05 7.01227E+05 6.66258E+05 6.30061E+05 5.92638E+05 5.50307E+05 4.98773E+05 4.30061E+05 3.32515E+05 2.11656E+05
2.09202E+05 3.22699E+05 4.20859E+05 4.95092E+05 5.55215E+05 6.06748E+05 6.54601E+05 7.00000E+05 7.42945E+05 7.82822E+05 8.20245E+05 8.53988E+05 8.82822E+05 9.05521E+05 9.20245E+05 9.27607E+05 9.25153E+05 9.12883E+05 8.90798E+05 8.60123E+05 8.25767E+05 7.88344E+05 7.48466E+05 7.07362E+05 6.63190E+05 6.12883E+05 5.51534E+05 4.69939E+05 3.58282E+05 2.26994E+05
1.95092E+05 2.98773E+05 3.82209E+05 4.43558E+05 4.93252E+05 5.37423E+05 5.78528E+05 6.18405E+05 6.56442E+05 6.93252E+05 7.26994E+05 7.57669E+05 7.83436E+05 8.04294E+05 8.19018E+05 8.25767E+05 8.24540E+05 8.13497E+05 7.93865E+05 7.66871E+05 7.35583E+05 7.01840E+05 6.66871E+05 6.30675E+05 5.93252E+05 5.50920E+05 4.99387E+05 4.30675E+05 3.33129E+05 2.11656E+05
1.76074E+05 2.53374E+05 3.07362E+05 3.47239E+05 3.80368E+05 4.11656E+05 4.41718E+05 4.71779E+05 5.00613E+05 5.29448E+05 5.55828E+05 5.80368E+05 6.01227E+05 6.18405E+05 6.30061E+05 6.35583E+05 6.33742E+05 6.22699E+05 6.01227E+05 5.67485E+05 5.37423E+05 5.07362E+05 4.76687E+05 4.49693E+05 4.23926E+05 3.97546E+05 3.66871E+05 3.26380E+05 2.65644E+05 1.77914E+05
2.49080E+05 3.83436E+05 4.93865E+05 5.76074E+05 6.42331E+05 7.00000E+05 7.53988E+05 8.05521E+05 8.55215E+05 9.03067E+05 9.47853E+05 9.88957E+05 1.02393E+06 1.05215E+06 1.07117E+06 1.07853E+06 1.06933E+06 1.03742E+06 9.62577E+05 8.00613E+05 7.20859E+05 6.57055E+05 5.75460E+05 5.27607E+05 4.89571E+05 4.51534E+05 4.06748E+05 3.49080E+05 2.69939E+05 1.69325E+05
2.22699E+05 3.28834E+05 4.07975E+05 4.66871E+05 5.16564E+05 5.61350E+05 6.04908E+05 6.47239E+05 6.88344E+05 7.28221E+05 7.65031E+05 7.98773E+05 8.28834E+05 8.52761E+05 8.70552E+05 8.80368E+05 8.80368E+05 8.69325E+05 8.44785E+05 8.04908E+05 7.68098E+05 7.30061E+05 6.88344E+05 6.50307E+05 6.11656E+05 5.69325E+05 5.19018E+05 4.53988E+05 3.61350E+05 2.36810E+05
2.11656E+05 3.19018E+05 4.04908E+05 4.71166E+05 5.27607E+05 5.78528E+05 6.26380E+05 6.71779E+05 7.14724E+05 7.55215E+05 7.93252E+05 8.27607E+05 8.57669E+05 8.82209E+05 9.00613E+05 9.11656E+05 9.15337E+05 9.10429E+05 8.97546E+05 8.76687E+05 8.50307E+05 8.19632E+05 7.84049E+05 7.44172E+05 7.00000E+05 6.47853E+05 5.85276E+05 5.04908E+05 3.94479E+05 2.53374E+05
1.46012E+05 2.34356E+05 3.16564E+05 3.84049E+05 4.40491E+05 4.88957E+05 5.32515E+05 5.72393E+05 6.09816E+05 6.43558E+05 6.74847E+05 7.02454E+05 7.26380E+05 7.45399E+05 7.59509E+05 7.68098E+05 7.70552E+05 7.66871E+05 7.57055E+05 7.41718E+05 7.20859E+05 6.95092E+05 6.64417E+05 6.28221E+05 5.85276E+05 5.33742E+05 4.69939E+05 3.89571E+05 2.87730E+05 1.76074E+05
1.74847E+05 2.82209E+05 3.82822E+05 4.65644E+05 5.35583E+05 5.95706E+05 6.49080E+05 6.98160E+05 7.42945E+05 7.84049E+05 8.21472E+05 8.54601E+05 8.83436E+05 9.06135E+05 9.22699E+05 9.32515E+05 9.34356E+05 9.28834E+05 9.15337E+05 8.95092E+05 8.68098E+05 8.35583E+05 7.96933E+05 7.51534E+05 6.98773E+05 6.34969E+05 5.57055E+05 4.59509E+05 3.37423E+05 2.05521E+05
2.45399E+05 3.84049E+05 5.03681E+05 5.97546E+05 6.75460E+05 7.44172E+05 8.06748E+05 8.65031E+05 9.20245E+05 9.71779E+05 1.01963E+06 1.06258E+06 1.09939E+06 1.13006E+06 1.15215E+06 1.16503E+06 1.16748E+06 1.15890E+06 1.13926E+06 1.10920E+06 1.07301E+06 1.03067E+06 9.82209E+05 9.28834E+05 8.68712E+05 7.97546E+05 7.11043E+05 6.00000E+05 4.53988E+05 2.82822E+05
2.24540E+05 3.31288E+05 4.11043E+05 4.70552E+05 5.20245E+05 5.66258E+05 6.09816E+05 6.52761E+05 6.93865E+05 7.33742E+05 7.71166E+05 8.04908E+05 8.34969E+05 8.58896E+05 8.76687E+05 8.86503E+05 8.86503E+05 8.74847E+05 8.50307E+05 8.09202E+05 7.72393E+05 7.34356E+05 6.92025E+05 6.53374E+05 6.14110E+05 5.71779E+05 5.21472E+05 4.55828E+05 3.62577E+05 2.37423E+05
2.50920E+05 3.86503E+05 4.97546E+05 5.79755E+05 6.46012E+05 7.03681E+05 7.57669E+05 8.09816E+05 8.60123E+05 9.07975E+05 9.53374E+05 9.95092E+05 1.03067E+06 1.05951E+06 1.08037E+06 1.09018E+06 1.08834E+06 1.07117E+06 1.03681E+06 9.82822E+05 9.33742E+05 8.84049E+05 8.31288E+05 7.82209E+05 7.33129E+05 6.79141E+05 6.12883E+05 5.25767E+05 4.05521E+05 2.56442E+05
1.84049E+05 2.66871E+05 3.27607E+05 3.71779E+05 4.08589E+05 4.42331E+05 4.74847E+05 5.07362E+05 5.38650E+05 5.69325E+05 5.98160E+05 6.23926E+05 6.46626E+05 6.65031E+05 6.77914E+05 6.84049E+05 6.83436E+05 6.74233E+05 6.56442E+05 6.31288E+05 6.04294E+05 5.75460E+05 5.45399E+05 5.16564E+05 4.87117E+05 4.55828E+05 4.19018E+05 3.70552E+05 2.99387E+05 1.98773E+05
1.76074E+05 2.52761E+05 3.07362E+05 3.46626E+05 3.79755E+05 4.10429E+05 4.41104E+05 4.70552E+05 5.00000E+05 5.28221E+05 5.54601E+05 5.78528E+05 6.00000E+05 6.16564E+05 6.28221E+05 6.33742E+05 6.31902E+05 6.20859E+05 5.99387E+05 5.65644E+05 5.35583E+05 5.06135E+05 4.74847E+05 4.47853E+05 4.22699E+05 3.96319E+05 3.66258E+05 3.25767E+05 2.65031E+05 1.77914E+05
1.76074E+05 2.53374E+05 3.07975E+05 3.47239E+05 3.80982E+05 4.11656E+05 4.42331E+05 4.71779E+05 5.01227E+05 5.29448E+05 5.56442E+05 5.80368E+05 6.01840E+05 6.18405E+05 6.30061E+05 6.36196E+05 6.33742E+05 6.22699E+05 6.01227E+05 5.67485E+05 5.36810E+05 5.07362E+05 4.76074E+05 4.49080E+05 4.23926E+05 3.97546E+05 3.66871E+05 3.26380E+05 2.65644E+05 1.77914E+05
1.83436E+05 2.66258E+05 3.26994E+05 3.71166E+05 4.07975E+05 4.42331E+05 4.74847E+05 5.07362E+05 5.38650E+05 5.69325E+05 5.97546E+05 6.23926E+05 6.46626E+05 6.65031E+05 6.77914E+05 6.84663E+05 6.83436E+05 6.74233E+05 6.56442E+05 6.31902E+05 6.04294E+05 5.75460E+05 5.46012E+05 5.17178E+05 4.87730E+05 4.56442E+05 4.19632E+05 3.71166E+05 2.99387E+05 1.99387E+05
2.50307E+05 3.85276E+05 4.96319E+05 5.77914E+05 6.43558E+05 7.01227E+05 7.55215E+05 8.06748E+05 8.57055E+05 9.04908E+05 9.50307E+05 9.92025E+05 1.02761E+06 1.05706E+06 1.07730E+06 1.08773E+06 1.08589E+06 1.06871E+06 1.03497E+06 9.81595E+05 9.32515E+05 8.83436E+05 8.30061E+05 7.81595E+05 7.32515E+05 6.78528E+05 6.12883E+05 5.25767E+05 4.05521E+05 2.56442E+05
2.23313E+05 3.29448E+05 4.08589E+05 4.68098E+05 5.17791E+05 5.63190E+05 6.06748E+05 6.49080E+05 6.90184E+05 7.30061E+05 7.66871E+05 8.01227E+05 8.30675E+05 8.55215E+05 8.73006E+05 8.82209E+05 8.82822E+05 8.71166E+05 8.47239E+05 8.06748E+05 7.69939E+05 7.31902E+05 6.90184E+05 6.52147E+05 6.12883E+05 5.70552E+05 5.20245E+05 4.55215E+05 3.62577E+05 2.37423E+05
2.43558E+05 3.81595E+05 5.00613E+05 5.93865E+05 6.71166E+05 7.39264E+05 8.01227E+05 8.59509E+05 9.14110E+05 9.65644E+05 1.01350E+06 1.05644E+06 1.09325E+06 1.12393E+06 1.14601E+06 1.15890E+06 1.16196E+06 1.15399E+06 1.13436E+06 1.10552E+06 1.06933E+06 1.02699E+06 9.79755E+05 9.26994E+05 8.66871E+05 7.96319E+05 7.09816E+05 5.98773E+05 4.53374E+05 2.82822E+05
1.73620E+05 2.80368E+05 3.80368E+05 4.62577E+05 5.31902E+05 5.92025E+05 6.44785E+05 6.93252E+05 7.38037E+05 7.79141E+05 8.16564E+05 8.49693E+05 8.78528E+05 9.01227E+05 9.17791E+05 9.27607E+05 9.30061E+05 9.25153E+05 9.11656E+05 8.91411E+05 8.65031E+05 8.32515E+05 7.94479E+05 7.49693E+05 6.97546E+05 6.33742E+05 5.55828E+05 4.58896E+05 3.37423E+05 2.04908E+05
1.74847E+05 2.82209E+05 3.82822E+05 4.66258E+05 5.35583E+05 5.95706E+05 6.49693E+05 6.98160E+05 7.42945E+05 7.84663E+05 8.22086E+05 8.55215E+05 8.83436E+05 9.06748E+05 9.23313E+05 9.33129E+05 9.34969E+05 9.29448E+05 9.15951E+05 8.95706E+05 8.68712E+05 8.36196E+05 7.97546E+05 7.52147E+05 6.99387E+05 6.35583E+05 5.57669E+05 4.59509E+05 3.38037E+05 2.05521E+05
2.13497E+05 3.22086E+05 4.08589E+05 4.75460E+05 5.32515E+05 5.83436E+05 6.31902E+05 6.77301E+05 7.20859E+05 7.61963E+05 8.00000E+05 8.34356E+05 8.64417E+05 8.88957E+05 9.07362E+05 9.18405E+05 9.21472E+05 9.16564E+05 9.03067E+05 8.82209E+05 8.55215E+05 8.23926E+05 7.88344E+05 7.48466E+05 7.03067E+05 6.50920E+05 5.87730E+05 5.06748E+05 3.96319E+05 2.54601E+05
2.52761E+05 3.92025E+05 5.06748E+05 5.92638E+05 6.61963E+05 7.23313E+05 7.80368E+05 8.34969E+05 8.87730E+05 9.38037E+05 9.85276E+05 1.02822E+06 1.06626E+06 1.09755E+06 1.12025E+06 1.13436E+06 1.13804E+06 1.13006E+06 1.11104E+06 1.08221E+06 1.04663E+06 1.00613E+06 9.61350E+05 9.12270E+05 8.58282E+05 7.95092E+05 7.15951E+05 6.11043E+05 4.67485E+05 2.93865E+05
2.26380E+05 3.34969E+05 4.15951E+05 4.76074E+05 5.25153E+05 5.70552E+05 6.13497E+05 6.55828E+05 6.96933E+05 7.36810E+05 7.74233E+05 8.07975E+05 8.38037E+05 8.62577E+05 8.80982E+05 8.91411E+05 8.93252E+05 8.85276E+05 8.68098E+05 8.42945E+05 8.12883E+05 7.79755E+05 7.44172E+05 7.07362E+05 6.68712E+05 6.25767E+05 5.74233E+05 5.06748E+05 4.07362E+05 2.65644E+05
2.50920E+05 3.87117E+05 4.98160E+05 5.80982E+05 6.46626E+05 7.04908E+05 7.58896E+05 8.10429E+05 8.60736E+05 9.09202E+05 9.54601E+05 9.96319E+05 1.03190E+06 1.06135E+06 1.08160E+06 1.09202E+06 1.08957E+06 1.07301E+06 1.03865E+06 9.84663E+05 9.35583E+05 8.85890E+05 8.32515E+05 7.83436E+05 7.34356E+05 6.80368E+05 6.14110E+05 5.26994E+05 4.06135E+05 2.57055E+05
2.50307E+05 3.85890E+05 4.96933E+05 5.79755E+05 6.46626E+05 7.04294E+05 7.58896E+05 8.10429E+05 8.60736E+05 9.08589E+05 9.53988E+05 9.94479E+05 1.03006E+06 1.05828E+06 1.07730E+06 1.08405E+06 1.07546E+06 1.04294E+06 9.67485E+05 8.04294E+05 7.23926E+05 6.60123E+05 5.78528E+05 5.30061E+05 4.91411E+05 4.53374E+05 4.08589E+05 3.50307E+05 2.70552E+05 1.69939E+05
2.50920E+05 3.87117E+05 4.98160E+05 5.80368E+05 6.46626E+05 7.04908E+05 7.58896E+05 8.10429E+05 8.60736E+05 9.09202E+05 9.54601E+05 9.96319E+05 1.03252E+06 1.06135E+06 1.08221E+06 1.09202E+06 1.09018E+06 1.07301E+06 1.03926E+06 9.85276E+05 9.35583E+05 8.86503E+05 8.33129E+05 7.84049E+05 7.34969E+05 6.80368E+05 6.14724E+05 5.26994E+05 4.06135E+05 2.57055E+05
2.25767E+05 3.34356E+05 4.15337E+05 4.74847E+05 5.24540E+05 5.69325E+05 6.12270E+05 6.54601E+05 6.95706E+05 7.35583E+05 7.73006E+05 8.07362E+05 8.36810E+05 8.61963E+05 8.79755E+05 8.90184E+05 8.92638E+05 8.84663E+05 8.67485E+05 8.42331E+05 8.12270E+05 7.79141E+05 7.44172E+05 7.07362E+05 6.68712E+05 6.25767E+05 5.74233E+05 5.06748E+05 4.07362E+05 2.65644E+05
2.51534E+05 3.90798E+05 5.04908E+05 5.90184E+05 6.59509E+05 7.20245E+05 7.77301E+05 8.31902E+05 8.84049E+05 9.34356E+05 9.81595E+05 1.02454E+06 1.06258E+06 1.09387E+06 1.11718E+06 1.13129E+06 1.13497E+06 1.12761E+06 1.10859E+06 1.07975E+06 1.04479E+06 1.00429E+06 9.60123E+05 9.11656E+05 8.57669E+05 7.94479E+05 7.15951E+05 6.11043E+05 4.67485E+05 2.93865E+05
2.12270E+05 3.20245E+05 4.06135E+05 4.73006E+05 5.29448E+05 5.80368E+05 6.28221E+05 6.73620E+05 7.16564E+05 7.57669E+05 7.95706E+05 8.30061E+05 8.60123E+05 8.84663E+05 9.03067E+05 9.14724E+05 9.18405E+05 9.13497E+05 9.00613E+05 8.79755E+05 8.53374E+05 8.22699E+05 7.87117E+05 7.47239E+05 7.02454E+05 6.50920E+05 5.87730E+05 5.07362E+05 3.96319E+05 2.54601E+05
1.74233E+05 2.80982E+05 3.80982E+05 4.63804E+05 5.33129E+05 5.92638E+05 6.46012E+05 6.94479E+05 7.39264E+05 7.80368E+05 8.17791E+05 8.51534E+05 8.79755E+05 9.03067E+05 9.19632E+05 9.29448E+05 9.31902E+05 9.26380E+05 9.13497E+05 8.93252E+05 8.66871E+05 8.34356E+05 7.96319E+05 7.51534E+05 6.98773E+05 6.35583E+05 5.57669E+05 4.60123E+05 3.38037E+05 2.05521E+05
1.47239E+05 2.36810E+05 3.19018E+05 3.87117E+05 4.44172E+05 4.93252E+05 5.37423E+05 5.77301E+05 6.14724E+05 6.49080E+05 6.80368E+05 7.07975E+05 7.31902E+05 7.50920E+05 7.65031E+05 7.73620E+05 7.76074E+05 7.71779E+05 7.61963E+05 7.46012E+05 7.25153E+05 6.98773E+05 6.67485E+05 6.31288E+05 5.88344E+05 5.36196E+05 4.71779E+05 3.90798E+05 2.88957E+05 1.76687E+05
2.12270E+05 3.34969E+05 4.44785E+05 5.31288E+05 6.02454E+05 6.64417E+05 7.20859E+05 7.73620E+05 8.22699E+05 8.68712E+05 9.11043E+05 9.49080E+05 9.82209E+05 1.00920E+06 1.02883E+06 1.04110E+06 1.04540E+06 1.04049E+06 1.02699E+06 1.00613E+06 9.77914E+05 9.43558E+05 9.03681E+05 8.57055E+05 8.03067E+05 7.38037E+05 6.57055E+05 5.52147E+05 4.14724E+05 2.57055E+05
2.07362E+05 3.09202E+05 3.86503E+05 4.44172E+05 4.92025E+05 5.35583E+05 5.77301E+05 6.17791E+05 6.57055E+05 6.94479E+05 7.30061E+05 7.62577E+05 7.90798E+05 8.14724E+05 8.33129E+05 8.44785E+05 8.49080E+05 8.46012E+05 8.36196E+05 8.19018E+05 7.96933E+05 7.70552E+05 7.40491E+05 7.06748E+05 6.68712E+05 6.24540E+05 5.70552E+05 4.98160E+05 3.94479E+05 2.55828E+05
2.52761E+05 3.92638E+05 5.07975E+05 5.93865E+05 6.63190E+05 7.24540E+05 7.82209E+05 8.36810E+05 8.89571E+05 9.39877E+05 9.87730E+05 1.03067E+06 1.06871E+06 1.10000E+06 1.12331E+06 1.13681E+06 1.14049E+06 1.13313E+06 1.11411E+06 1.08466E+06 1.04969E+06 1.00920E+06 9.64417E+05 9.15337E+05 8.61350E+05 7.97546E+05 7.18405E+05 6.13497E+05 4.69325E+05 2.95092E+05
2.25153E+05 3.31902E+05 4.12270E+05 4.71779E+05 5.22086E+05 5.68098E+05 6.11656E+05 6.54601E+05 6.96319E+05 7.36196E+05 7.73620E+05 8.07362E+05 8.37423E+05 8.61963E+05 8.79755E+05 8.88957E+05 8.88957E+05 8.77914E+05 8.53374E+05 8.12270E+05 7.74847E+05 7.36810E+05 6.95092E+05 6.56442E+05 6.17178E+05 5.74233E+05 5.23313E+05 4.57669E+05 3.64417E+05 2.38650E+05
2.25153E+05 3.31902E+05 4.11656E+05 4.71779E+05 5.21472E+05 5.67485E+05 6.11656E+05 6.53988E+05 6.95706E+05 7.35583E+05 7.73006E+05 8.06748E+05 8.36810E+05 8.61350E+05 8.79141E+05 8.88957E+05 8.88957E+05 8.77301E+05 8.52761E+05 8.11656E+05 7.74847E+05 7.36810E+05 6.94479E+05 6.55828E+05 6.16564E+05 5.74233E+05 5.23313E+05 4.57669E+05 3.64417E+05 2.38650E+05
2.52761E+05 3.92025E+05 5.07362E+05 5.93252E+05 6.62577E+05 7.23926E+05 7.80982E+05 8.36196E+05 8.88957E+05 9.39264E+05 9.86503E+05 1.03006E+06 1.06748E+06 1.09877E+06 1.12209E+06 1.13620E+06 1.13988E+06 1.13190E+06 1.11288E+06 1.08405E+06 1.04847E+06 1.00798E+06 9.63190E+05 9.14110E+05 8.60123E+05 7.96319E+05 7.17178E+05 6.12270E+05 4.68098E+05 2.94479E+05
2.06748E+05 3.08589E+05 3.85890E+05 4.43558E+05 4.91411E+05 5.34969E+05 5.76074E+05 6.16564E+05 6.55828E+05 6.93252E+05 7.28834E+05 7.61350E+05 7.89571E+05 8.13497E+05 8.31902E+05 8.43558E+05 8.47853E+05 8.45399E+05 8.34969E+05 8.18405E+05 7.96319E+05 7.69939E+05 7.39877E+05 7.06135E+05 6.68712E+05 6.24540E+05 5.69939E+05 4.97546E+05 3.93865E+05 2.55828E+05
2.12270E+05 3.34969E+05 4.44172E+05 5.30675E+05 6.01840E+05 6.63190E+05 7.19632E+05 7.71779E+05 8.20859E+05 8.66871E+05 9.09202E+05 9.47239E+05 9.80982E+05 1.00798E+06 1.02822E+06 1.04110E+06 1.04540E+06 1.04049E+06 1.02761E+06 1.00675E+06 9.79141E+05 9.44785E+05 9.05521E+05 8.59509E+05 8.05521E+05 7.40491E+05 6.58896E+05 5.53988E+05 4.15951E+05 2.58282E+05
1.47239E+05 2.36810E+05 3.19018E+05 3.86503E+05 4.42945E+05 4.92025E+05 5.36196E+05 5.76074E+05 6.13497E+05 6.47853E+05 6.79141E+05 7.06748E+05 7.30675E+05 7.50307E+05 7.64417E+05 7.73620E+05 7.76074E+05 7.72393E+05 7.62577E+05 7.47239E+05 7.26380E+05 7.00613E+05 6.69939E+05 6.33129E+05 5.90184E+05 5.38650E+05 4.74233E+05 3.93252E+05 2.90798E+05 1.77301E+05
6.31902E+04 9.26380E+04 1.15337E+05 1.33742E+05 1.49693E+05 1.64417E+05 1.78528E+05 1.91411E+05 2.04294E+05 2.15951E+05 2.26380E+05 2.36196E+05 2.44785E+05 2.51534E+05 2.57055E+05 2.60736E+05 2.61963E+05 2.61350E+05 2.58282E+05 2.53988E+05 2.47239E+05 2.39877E+05 2.30061E+05 2.19018E+05 2.06748E+05 1.92025E+05 1.74233E+05 1.52147E+05 1.21472E+05 8.03681E+04
1.03681E+05 1.49693E+05 1.84049E+05 2.10429E+05 2.33129E+05 2.53988E+05 2.74233E+05 2.93865E+05 3.12883E+05 3.31288E+05 3.47853E+05 3.63190E+05 3.76687E+05 3.88344E+05 3.96933E+05 4.03067E+05 4.05521E+05 4.04908E+05 4.01227E+05 3.94479E+05 3.85276E+05 3.73620E+05 3.59509E+05 3.43558E+05 3.25767E+05 3.04908E+05 2.79755E+05 2.46626E+05 1.98773E+05 1.32515E+05
2.13497E+05 3.36810E+05 4.46626E+05 5.33742E+05 6.04908E+05 6.67485E+05 7.23926E+05 7.76074E+05 8.25767E+05 8.71779E+05 9.14110E+05 9.52761E+05 9.85890E+05 1.01350E+06 1.03374E+06 1.04601E+06 1.05031E+06 1.04540E+06 1.03252E+06 1.01104E+06 9.83436E+05 9.49080E+05 9.09202E+05 8.62577E+05 8.08589E+05 7.42945E+05 6.61350E+05 5.55828E+05 4.17791E+05 2.59509E+05
2.14110E+05 3.23313E+05 4.09816E+05 4.77301E+05 5.34356E+05 5.85890E+05 6.33742E+05 6.79755E+05 7.23313E+05 7.64417E+05 8.03067E+05 8.37423E+05 8.67485E+05 8.92025E+05 9.11043E+05 9.22086E+05 9.25767E+05 9.20859E+05 9.07362E+05 8.86503E+05 8.60123E+05 8.28834E+05 7.92638E+05 7.52761E+05 7.07362E+05 6.55215E+05 5.92025E+05 5.10429E+05 3.98773E+05 2.55828E+05
2.46012E+05 3.85276E+05 5.05521E+05 6.00000E+05 6.78528E+05 7.47239E+05 8.09816E+05 8.68712E+05 9.23926E+05 9.75460E+05 1.02393E+06 1.06687E+06 1.10429E+06 1.13436E+06 1.15706E+06 1.16994E+06 1.17239E+06 1.16442E+06 1.14479E+06 1.11472E+06 1.07853E+06 1.03620E+06 9.87730E+05 9.34356E+05 8.73620E+05 8.02454E+05 7.15337E+05 6.03681E+05 4.57055E+05 2.84663E+05
2.13497E+05 3.22699E+05 4.09202E+05 4.76687E+05 5.33742E+05 5.85276E+05 6.33129E+05 6.79141E+05 7.22699E+05 7.63804E+05 8.01840E+05 8.36810E+05 8.66871E+05 8.91411E+05 9.09816E+05 9.21472E+05 9.24540E+05 9.19632E+05 9.06135E+05 8.85276E+05 8.58896E+05 8.26994E+05 7.91411E+05 7.50920E+05 7.06135E+05 6.53988E+05 5.90184E+05 5.09202E+05 3.98160E+05 2.55215E+05
2.12270E+05 3.34969E+05 4.44785E+05 5.31288E+05 6.03067E+05 6.65031E+05 7.21472E+05 7.73620E+05 8.22699E+05 8.68712E+05 9.11656E+05 9.49693E+05 9.82822E+05 1.00982E+06 1.03006E+06 1.04233E+06 1.04663E+06 1.04172E+06 1.02883E+06 1.00736E+06 9.79141E+05 9.44785E+05 9.04908E+05 8.58896E+05 8.04908E+05 7.39264E+05 6.57669E+05 5.52761E+05 4.15337E+05 2.57669E+05
1.03067E+05 1.49080E+05 1.83436E+05 2.09816E+05 2.32515E+05 2.53374E+05 2.73620E+05 2.93252E+05 3.12270E+05 3.30061E+05 3.47239E+05 3.62577E+05 3.76074E+05 3.87730E+05 3.96319E+05 4.01840E+05 4.04908E+05 4.04294E+05 4.00613E+05 3.93865E+05 3.84663E+05 3.73006E+05 3.58896E+05 3.43558E+05 3.25153E+05 3.04294E+05 2.79141E+05 2.46012E+05 1.98773E+05 1.32515E+05
6.50307E+04 9.50920E+04 1.18405E+05 1.36810E+05 1.52761E+05 1.67485E+05 1.80982E+05 1.94479E+05 2.06748E+05 2.19018E+05 2.30061E+05 2.39877E+05 2.49080E+05 2.56442E+05 2.61963E+05 2.65644E+05 2.67485E+05 2.67485E+05 2.65031E+05 2.60123E+05 2.53988E+05 2.46012E+05 2.36810E+05 2.25767E+05 2.13497E+05 1.98773E+05 1.80982E+05 1.58282E+05 1.26380E+05 8.34356E+04
6.56442E+04 9.57055E+04 1.19018E+05 1.37423E+05 1.53374E+05 1.68098E+05 1.82209E+05 1.95092E+05 2.07975E+05 2.20245E+05 2.31288E+05 2.41104E+05 2.50307E+05 2.57669E+05 2.63190E+05 2.66871E+05 2.68712E+05 2.68098E+05 2.65644E+05 2.61350E+05 2.55215E+05 2.47239E+05 2.38037E+05 2.26994E+05 2.14110E+05 1.99387E+05 1.81595E+05 1.58896E+05 1.26380E+05 8.34356E+04
1.48466E+05 2.38037E+05 3.21472E+05 3.89571E+05 4.46626E+05 4.96319E+05 5.40491E+05 5.80368E+05 6.17791E+05 6.52761E+05 6.84049E+05 7.11656E+05 7.36196E+05 7.55828E+05 7.69939E+05 7.78528E+05 7.81595E+05 7.77301E+05 7.67485E+05 7.52147E+05 7.30675E+05 7.04908E+05 6.73620E+05 6.37423E+05 5.93865E+05 5.41718E+05 4.76687E+05 3.95092E+05 2.92025E+05 1.78528E+05
1.75460E+05 2.84049E+05 3.84663E+05 4.68098E+05 5.38037E+05 5.98160E+05 6.52147E+05 7.01227E+05 7.46012E+05 7.87730E+05 8.25767E+05 8.58896E+05 8.87730E+05 9.11043E+05 9.27607E+05 9.37423E+05 9.39877E+05 9.34356E+05 9.20859E+05 9.00613E+05 8.73620E+05 8.41104E+05 8.02454E+05 7.57055E+05 7.04294E+05 6.39877E+05 5.61350E+05 4.63190E+05 3.40491E+05 2.06748E+05
1.75460E+05 2.83436E+05 3.84663E+05 4.67485E+05 5.37423E+05 5.97546E+05 6.51534E+05 7.00613E+05 7.46012E+05 7.87117E+05 8.25153E+05 8.58282E+05 8.87117E+05 9.09816E+05 9.26994E+05 9.36810E+05 9.38650E+05 9.33129E+05 9.20245E+05 8.99387E+05 8.72393E+05 8.39877E+05 8.01227E+05 7.56442E+05 7.03067E+05 6.39264E+05 5.60123E+05 4.61963E+05 3.39877E+05 2.06748E+05
1.47239E+05 2.36810E+05 3.19632E+05 3.87730E+05 4.44785E+05 4.93865E+05 5.38037E+05 5.78528E+05 6.15951E+05 6.50307E+05 6.81595E+05 7.09202E+05 7.33129E+05 7.52761E+05 7.66871E+05 7.75460E+05 7.77914E+05 7.74233E+05 7.64417E+05 7.48466E+05 7.26994E+05 7.01227E+05 6.69939E+05 6.33129E+05 5.90184E+05 5.38037E+05 4.73620E+05 3.92638E+05 2.90184E+05 1.77301E+05
6.31902E+04 9.26380E+04 1.15337E+05 1.33742E+05 1.49693E+05 1.64417E+05 1.78528E+05 1.91411E+05 2.04294E+05 2.15951E+05 2.26380E+05 2.36196E+05 2.44785E+05 2.52147E+05 2.57055E+05 2.60736E+05 2.61963E+05 2.61350E+05 2.58896E+05 2.53988E+05 2.47853E+05 2.39877E+05 2.30675E+05 2.19632E+05 2.07362E+05 1.92638E+05 1.74847E+05 1.52147E+05 1.21472E+05 8.03681E+04
