 593.98314  609.49304  622.04230  632.00134  640.67679  648.71992  656.13193  663.56102  670.36071  676.85393  682.71774  688.27368  693.19785  697.48850  700.49652  702.86504  703.94498  704.05588  703.19567  701.36197  698.22848  694.76239  689.99349  684.88750  678.47363  671.39414  662.35309  650.69265  634.77380  613.24366
 638.28517  685.94005  730.11500  766.50720  797.37584  824.63230  849.55059  872.42132  894.22172  914.57885  933.44809  950.42757  965.45881  977.76441  987.28042  993.59091  996.65566  995.72803  990.81122  983.01515  972.02143  957.89015  941.39607  921.91037  898.83781  870.94534  836.73251  794.10429  740.97385  682.39429
 653.19993  710.29227  764.14241  809.21234  847.71226  881.83172  912.79628  941.88574  969.01387  994.44585 1018.08980 1039.48002 1058.51363 1073.95980 1086.10145 1093.72146 1096.76598 1094.82965 1087.92169 1076.84679 1062.04889 1043.61999 1022.04490  996.36806  966.78421  931.76223  888.88778  836.26717  772.01938  703.18288
 653.19993  710.29227  764.14241  809.21234  847.71226  881.83172  912.79628  941.88574  969.01387  994.44585 1018.45867 1039.85422 1058.89313 1074.34309 1086.48775 1094.10986 1097.15564 1095.21907 1088.69227 1077.61466 1062.43674 1044.00408 1022.42560  997.10456  967.15506  932.12642  889.24402  836.61652  772.36276  703.20413
 638.60974  686.26525  730.44233  767.16489  798.04124  825.30604  850.23315  873.11292  894.92268  915.28916  934.16757  951.51070  966.55334  978.86985  988.75620  995.07524  998.14567  997.22019  992.66372  984.50297  973.50255  959.71594  943.20877  923.70649  900.27410  872.36524  838.13495  795.48994  742.02514  683.12541
 594.96528  611.12843  623.67900  633.64046  642.31904  650.36574  657.78166  665.21490  672.01849  678.84025  685.03318  690.91993  695.85220  700.15102  703.49050  705.86807  707.28072  707.72507  706.87524  704.72810  701.92730  698.14799  693.71176  688.29319  682.21258  674.82173  665.79256  654.14601  637.59763  615.11353
 594.96475  611.45480  624.00533  633.96729  642.32219  650.36887  658.10856  665.21905  672.34662  679.16932  685.36323  690.92711  696.18272  700.48256  703.82359  706.20217  707.61528  707.73729  706.88747  705.06345  702.26356  698.48569  694.04987  688.63225  682.23003  674.83922  665.81012  654.16365  637.61540  615.13152
 615.21617  640.16179  658.58316  672.50150  684.83547  696.55855  707.67159  718.50024  728.72105  738.98283  748.31119  757.35361  765.12899  771.62844  777.17097  780.76636  783.06063  783.39331  782.08630  779.13843  774.87599  769.30144  762.41584  754.87242  745.69801  735.21885  722.46635  705.50488  681.10620  646.30945
 672.63334  737.96371  796.82129  844.50754  884.73515  920.64880  953.80969  985.87669 1016.03509 1045.27673 1072.75134 1097.94905 1120.35290 1139.06693 1153.59576 1163.48995 1167.51703 1166.44078 1159.48840 1147.84222 1131.94321 1111.87213 1088.51047 1061.62409 1030.29635  993.36721  947.38474  889.65762  816.10752  734.03785
 673.29317  731.13440  777.70588  814.35753  845.87456  874.83636  902.89678  929.68936  955.87864  980.71707 1004.50268 1026.43529 1046.05326 1062.50594 1075.69528 1084.02034 1087.79654 1086.23263 1079.33701 1068.29337 1053.17191 1035.92596 1015.52744  993.53585  968.24481  939.80108  905.26991  861.60101  802.69036  728.39647
 690.11346  764.12174  829.17130  881.70786  926.66028  967.12845 1005.35866 1041.90561 1076.96687 1111.13497 1142.68493 1171.81531 1197.57730 1219.07688 1235.08117 1245.17236 1248.97017 1245.68516 1234.89452 1217.77430 1196.28271 1171.27171 1142.46564 1110.42693 1074.63136 1032.81651  983.01429  920.82743  841.44092  751.60153
 673.29317  731.13440  777.70588  814.35753  845.87456  875.17696  902.89778  929.69036  955.87964  981.07901 1004.87059 1026.80933 1046.43161 1062.88838 1075.70127 1084.40739 1088.18501 1086.62153 1080.10545 1068.68122 1053.93179 1036.30943 1016.27301  993.91233  968.97152  940.16887  905.63161  861.95595  803.03787  728.74021
 672.95757  738.28993  797.15381  844.84710  885.08158  920.65379  954.17094  985.88270 1016.41044 1045.65847 1073.13934 1098.34236 1120.75048 1139.86015 1154.39372 1163.89483 1168.31950 1167.24453 1160.68138 1149.03367 1132.74347 1113.05172 1089.68047 1062.78023 1031.80199  994.48379  948.47352  890.71501  816.80745  734.40636
 615.21670  639.83731  657.93386  672.17426  684.18376  695.90468  706.69161  717.51643  728.05755  737.99111  747.64087  756.35444  764.12535  770.62050  776.15837  779.75009  782.04157  782.37094  781.06214  778.11186  773.84836  768.27194  761.38572  753.84058  744.98949  734.50949  721.75603  704.79334  680.39261  645.91446
 593.65481  609.49198  621.71585  631.67441  640.34925  648.06706  655.80185  662.90596  669.70388  676.19524  682.38048  687.93544  692.53531  696.82393  699.82993  702.19645  703.27443  703.38339  702.52130  700.68572  697.55038  694.08242  689.31161  684.20366  678.11090  670.70707  661.66360  650.32388  634.40303  612.86977
 638.60922  686.58890  730.76813  767.16690  798.04324  825.30803  850.23514  873.45504  894.92566  915.29214  934.17055  951.51369  966.55632  978.87283  988.75917  995.07821  997.78524  996.85920  992.30296  984.50296  973.50254  959.36198  942.85693  923.35838  900.27119  872.36234  838.13205  795.48703  741.70051  683.12143
 673.28128  738.61671  797.48583  845.18615  885.42863  921.35750  954.89008  986.61714 1017.15978 1046.42181 1073.91518 1099.51389 1121.93481 1140.65919 1155.20377 1165.09819 1169.52615 1168.06313 1161.49380 1149.85137 1133.55649 1113.86012 1090.48195 1063.57234 1032.21439  994.88771  948.86787  891.09867  817.18104  734.45489
 670.05906  724.30041  765.87448  797.07078  823.66163  848.23537  871.77263  895.28895  918.10142  940.89772  962.25250  982.47035 1000.40819 1015.98403 1028.38386 1036.78705 1041.13130 1040.63791 1036.04902 1027.39394 1015.46502 1001.05395  984.58498  966.11743  945.71621  921.71666  892.55058  853.74715  798.85327  726.79242
 694.00153  768.06242  830.53233  878.31608  918.28380  954.60812  988.88369 1022.81626 1056.34254 1088.98636 1120.22674 1149.13054 1174.74854 1196.56675 1213.31517 1224.16969 1228.32735 1225.38953 1214.94731 1198.18528 1177.48556 1153.31460 1126.94383 1098.12056 1066.25646 1029.37191  983.92341  925.12025  847.19700  755.89440
 679.45056  736.03248  779.05353  811.40734  839.52194  865.32495  890.47398  915.31123  940.19005  964.04600  987.19573 1008.50196 1027.88260 1044.13576 1056.41041 1063.48604 1065.29698 1059.56693 1046.35949 1022.89153 1002.24532  981.10063  958.41946  937.39555  916.24173  893.59329  866.80211  832.02825  783.02492  717.88621
 679.12584  736.03147  778.72437  811.40534  839.18428  864.98246  890.12631  915.30624  939.83261  963.68215  986.82666 1008.49396 1027.50353 1043.75249 1056.02447 1063.47509 1064.90881 1059.55504 1045.97479 1022.87878 1002.23265  981.08803  958.05400  937.03320  916.22740  893.57902  866.78789  832.01404  783.01064  717.87171
 693.67776  767.73361  830.19627  877.97117  917.93062  953.89085  988.51361 1022.43800 1055.57894 1088.20876 1119.43749 1148.33056 1174.34029 1195.75812 1212.50445 1223.35760 1227.91221 1224.57548 1214.52972 1197.76096 1176.67203 1152.89147 1126.52802 1097.70839 1065.85061 1028.97351  983.53405  925.08697  847.16382  755.86075
 669.73584  723.64981  764.88941  796.07416  822.65281  846.87742  870.73659  893.89375  917.03400  939.46124  960.79483  980.99205  998.91111 1014.47031 1026.48591 1035.24847 1039.21403 1039.08937 1034.13046 1025.48182 1013.56187  999.52605  983.06891  964.61476  944.22815  920.59064  891.43839  852.65238  798.10229  726.04846
 672.31014  737.31179  795.82802  843.15690  883.01276  918.88854  952.01132  983.67729 1013.79148 1042.99108 1070.42802 1095.59371 1117.58391 1136.27183 1150.79032 1160.27662 1164.68495 1163.61075 1156.65164 1145.00950 1129.12334 1109.06916 1086.11235 1059.25370 1028.33004  991.07993  945.50243  888.16510  814.98130  733.24705
 637.96057  685.29120  729.13721  765.51963  796.37625  823.28734  848.18808  871.04079  892.47860  912.81242  931.30830  948.26190  963.26925  975.91408  985.41532  991.71514  994.41015  993.47934  988.92559  980.77547  969.79179  956.02817  939.54783  920.07762  897.02387  869.48782  835.29229  793.00677  739.88413  681.94504
 653.19993  710.29227  764.14241  808.88105  847.71127  881.48894  912.79429  941.53074  968.65232  994.07739 1017.71540 1039.47400 1058.13082 1073.95280 1085.71285 1093.33077 1096.37403 1094.43671 1087.52929 1076.45579 1061.66076 1043.23442 1021.29693  995.99113  966.41308  931.05072  888.52919  836.24648  771.99854  702.84158
 673.29317  731.13440  777.70588  814.35753  845.87456  874.83636  902.55080  929.33731  955.52034  980.71407 1004.49968 1026.43229 1046.05026 1062.50293 1075.31197 1083.63473 1087.40950 1085.84516 1079.33009 1067.90890 1053.16408 1035.54780 1015.51873  993.16655  968.23527  939.44339  905.25954  861.59068  802.67999  728.38594
 694.00101  768.38971  830.86798  878.65949  918.63547  954.61211  989.25144 1023.19219 1056.72628 1089.37646 1120.62327 1149.52890 1175.14984 1196.96984 1213.71925 1224.58085 1228.73918 1225.79573 1215.36072 1198.59266 1177.89250 1153.71998 1126.96271 1098.13928 1066.27499 1029.39025  983.94154  925.48190  847.54603  755.91436
 680.09638  737.98700  781.69005  814.41148  841.89570  867.39337  892.22951  917.09492  941.64957  965.52893  988.70195 1010.39746 1029.80232 1046.07644 1058.36799 1066.58789 1069.16394 1065.69255 1056.57720 1042.64260 1026.21115 1007.72179  987.96358  968.04896  946.93306  923.61795  896.13656  859.96019  806.93473  733.19195
 693.03229  765.43991  825.51133  871.46849  909.53563  943.53113  975.75024 1007.91902 1039.26104 1070.44271 1100.23579 1127.72772 1152.37877 1172.50169 1187.59368 1196.02444 1196.18442 1187.28843 1167.39565 1134.71835 1105.41571 1076.43770 1045.23894 1017.45121  989.71348  959.57265  923.01868  876.03859  811.69160  733.87520
 692.70853  764.78430  824.84106  871.12276  909.18273  943.17000  975.74223 1007.54397 1039.25199 1070.05346 1099.45574 1126.54922 1150.79978 1170.51527 1184.41761 1190.47622 1186.69246 1167.58124 1121.73155 1023.28850  977.47889  941.88619  897.06328  871.24892  851.34492  831.57065  808.30999  778.37532  737.04344  684.99186
 692.70801  765.11132  825.17594  871.12475  908.83730  942.81751  975.02127 1006.80756 1038.50040 1069.66791 1099.06347 1126.92975 1151.18212 1171.68845 1186.38551 1194.81299 1195.36879 1186.07472 1166.18393 1133.90289 1104.60796 1075.63941 1044.45234 1016.67557  988.94898  958.82012  922.62428  875.65217  811.31329  733.82119
 679.44850  737.33407  780.70039  813.40789  840.87895  866.36162  891.18289  915.68339  940.21496  964.07093  987.22069 1008.52693 1027.90757 1044.16072 1056.81197 1064.64436 1067.21491 1064.12020 1055.00952 1041.08392 1024.29625 1006.18726  986.44386  966.54400  945.44340  922.49002  895.02224  858.86189  806.18119  732.76778
 693.35399  767.07763  829.19027  876.94090  916.52674  952.45424  987.04390 1020.56515 1054.04458 1086.26314 1117.46316 1146.33205 1171.93526 1193.73400 1210.48140 1221.33106 1225.48403 1222.54071 1212.09319 1195.32245 1174.62612 1150.85990 1124.12049 1095.32593 1063.87555 1027.03515  981.99947  923.59931  846.05661  755.09899
 672.64575  730.15736  776.38782  812.68792  844.17973  873.11364  900.79965  927.55593  953.35192  978.50836 1002.25810 1023.78764 1043.37058 1059.79448 1072.58143 1081.26863 1084.65405 1083.08683 1076.57555 1065.16526 1050.43626 1033.21141 1013.20478  990.87840  965.97599  937.56441  903.41135  859.77618  801.55091  727.58898
 652.55128  709.64162  762.82988  807.87837  846.01791  880.10536  911.03720  939.74015  966.82899  992.22305 1015.46247 1037.18852 1055.81767 1071.23730 1083.35786 1090.96322 1093.61586 1092.05858 1085.15456 1074.08961 1059.30829 1040.90116 1019.35487  994.07331  964.87867  929.54344  887.05135  835.12836  771.22056  702.38596
 652.87534  709.96668  763.81350  808.54627  847.37092  881.14168  912.09313  941.16925  968.28427  993.70360 1017.33567 1038.71520 1057.36280 1073.17706 1084.93123 1092.54497 1095.20231 1093.26449 1086.73941 1075.66873 1060.50244 1042.08619 1020.52707  995.23116  965.66475  930.31584  887.80896  835.54095  771.30484  702.79140
 690.11346  764.12174  828.83742  881.36434  926.30742  966.76631 1004.62080 1041.15050 1076.57718 1110.35204 1141.88999 1171.01336 1196.77122 1217.87638 1233.87935 1243.96951 1247.76563 1244.08025 1233.68259 1216.16168 1194.67557 1169.66822 1140.86935 1108.84724 1073.07573 1031.66028  981.53389  919.73929  840.71952  751.21614
 679.12636  735.70585  778.72336  811.40434  839.18328  864.98147  890.12531  914.95762  939.83062  963.68015  986.82466 1008.12546 1027.50053 1043.37590 1055.64399 1063.09236 1064.52507 1059.17166 1045.59350 1022.50174 1001.49665  980.71836  957.68802  936.67146  915.52459  892.88311  866.09950  831.33418  782.66456  717.52780
 693.03229  765.43991  825.84531  871.80974  909.53762  943.53312  976.11314 1007.92203 1039.63765 1070.82638 1100.24081 1128.12208 1152.38477 1172.89869 1187.60059 1196.03131 1196.19126 1187.29525 1167.40245 1134.72513 1105.42245 1076.44439 1045.24558 1017.09271  989.71906  959.22672  923.02325  875.70795  811.69524  733.87890
 657.76040  701.87725  734.45244  758.45575  778.70929  797.47785  815.74180  834.17185  852.11024  869.55267  886.49441  902.23599  915.70693  927.20351  935.63095  940.58926  940.98766  936.81770  928.10786  914.92001  900.77153  885.67974  870.33392  855.06772  840.20478  824.07795  805.06026  779.93343  742.64778  690.73716
 653.87463  694.73604  724.01864  745.34076  763.86025  780.86662  797.99673  814.59989  831.34202  847.56350  862.92069  877.39812  889.95048  900.54019  908.09409  912.22317  912.20802  907.00734  895.97277  877.84027  862.18670  846.94720  830.77878  816.98441  804.21092  790.80647  775.14453  754.32643  722.91385  677.39930
 653.87463  694.73604  723.69364  745.33975  763.53252  780.86461  797.66445  814.26480  831.00442  847.22271  862.57612  877.05030  889.60019  900.18715  907.73825  911.86630  911.84980  906.64933  895.61659  877.82552  862.17197  846.59865  830.76309  816.96872  803.86674  790.78979  775.12783  754.30967  722.89697  677.38215
 657.43593  701.55186  733.79999  757.79844  777.71888  796.47857  814.73405  832.81974  851.08064  868.51275  885.44270  900.82871  914.63299  926.12034  934.54086  939.14192  939.88807  935.71897  926.66343  913.82830  899.68557  884.59961  869.25925  854.33286  839.47268  823.34850  804.66164  779.53627  742.25189  690.66129
 692.38478  764.45576  824.50576  870.43899  908.13626  941.74792  973.92870 1005.69121 1037.36126 1068.12826 1097.88433 1125.34648 1149.97585 1170.08363 1185.16565 1193.19167 1193.74444 1184.44916 1164.95690 1132.29681 1103.39986 1074.44615 1043.27600 1015.51568  988.16421  958.04746  921.86541  874.90909  810.91243  733.42443
 678.80320  735.05418  777.73500  810.07145  837.83222  863.61116  888.73437  913.54473  938.04183  961.86282  984.61612 1006.25095 1025.23060 1041.45433 1053.33062 1060.76559 1062.19229 1056.84115 1043.64867 1020.57839  999.95539  978.83458  956.17876  935.17708  914.38795  891.75710  864.98495  830.56250  782.22555  717.09055
 689.46601  763.13790  827.82996  879.98803  924.54393  964.95650 1002.76581 1039.25174 1074.25855 1107.99364 1139.50160 1168.60365 1193.95653 1215.44679 1231.44706 1241.53520 1245.32802 1242.02826 1231.23362 1214.09868 1193.00250 1167.61068 1139.21373 1107.59108 1071.83906 1030.44884  980.70988  918.94053  840.27486  750.77781
 652.55128  709.64162  763.15724  807.87937  846.35506  880.10735  911.03919  939.74214  966.83099  992.22504 1015.83338 1037.19153 1056.19702 1071.62045 1083.36285 1090.96820 1094.00399 1092.44715 1085.54259 1074.47624 1059.69206 1041.65335 1019.73247  994.80692  965.24723  929.90532  887.40596  835.47517  771.23857  702.72388
 638.28569  685.61640  729.46396  765.84962  797.04043  824.29273  848.87023  872.07184  893.52400  913.87179  932.38115  949.34767  964.36638  976.66226  986.16916  992.47323  995.17089  994.24112  989.68678  981.53449  970.19092  956.42438  939.94120  920.46827  897.41023  869.53400  835.66930  793.05403  740.25401  681.99468
 672.96947  730.80854  777.04729  813.68927  845.19597  874.14681  901.84963  928.62403  954.79457  979.97585 1003.38323 1025.29985 1044.90247 1061.34282 1074.14276 1082.45865 1085.84742 1084.28139 1077.76842 1066.35338 1051.61787 1034.01384 1013.63419  991.66349  966.75132  937.98100  903.82113  860.17913  801.62154  727.66072
 679.12636  735.70585  778.39470  811.07183  838.84621  864.63958  889.77826  914.60451  939.11938  963.31497  986.09116 1007.74744 1026.74723 1042.61435 1054.87589 1062.31979 1063.75049 1058.02221 1044.82290 1021.37232 1000.74146  979.61257  956.59556  935.93803  914.79816  892.16364  865.38759  830.96037  782.29510  717.16119
 692.70853  764.78430  824.84106  871.12276  909.18273  943.17000  975.74223 1007.54397 1039.25199 1070.05346 1099.45574 1126.54922 1150.79978 1170.12441 1184.02508 1190.47426 1186.29925 1167.57831 1121.34264 1022.91778  977.11689  941.53159  896.71662  870.90538  851.00422  831.23191  807.97272  778.04066  736.71004  684.97833
 653.87463  694.73604  724.01864  745.34076  763.86025  780.86662  797.99673  814.59989  831.34202  847.56350  862.92069  877.39812  889.95048  900.54019  908.09409  912.22317  912.20802  907.00734  895.97277  877.84027  862.18670  846.94720  830.77878  816.98441  803.88243  790.80549  775.14355  754.00167  722.91186  677.39728
 663.57728  718.76051  763.54650  796.69632  824.28334  849.20230  872.75403  895.94070  918.41532  940.15848  960.78891  979.90337  996.71585 1010.41418 1020.17916 1025.56594 1026.16012 1020.84764 1010.41117  995.66546  978.51278  960.44261  941.13298  922.00234  901.67120  879.49141  852.17110  815.91378  765.14982  702.03004
 670.69669  731.45167  783.94273  824.35359  858.05849  887.56581  915.50077  942.16191  967.85545  992.89835 1016.51289 1038.24989 1056.88813 1072.31499 1083.29617 1088.98710 1088.95658 1082.82051 1071.00848 1053.62186 1034.14893 1013.03357  990.70441  968.28040  944.01761  916.95259  883.47431  840.20975  781.70703  713.41889
 663.57779  718.43566  762.89130  796.03311  823.61174  848.52193  872.06441  894.89678  917.35609  939.43639  960.05655  978.80097  995.59951 1009.28717 1019.04293 1024.42459 1025.01622 1020.07277 1009.63951  994.89894  977.75243  959.68931  940.73538  921.26252  901.27975  879.10324  851.78602  815.53270  764.77297  701.97422
 653.55006  694.41076  723.69161  745.01169  763.20226  780.53196  797.32974  813.92729  830.66387  846.87845  862.22918  876.35937  889.24599  899.48565  907.37809  911.50399  911.14105  906.28602  895.25455  877.46528  861.81406  846.57608  830.40910  816.61563  803.84223  790.43829  775.10229  754.28405  722.87115  677.35593
 692.06051  764.12778  823.83675  869.75445  907.78362  941.74093  973.92170 1005.68420 1037.35423 1067.74147 1097.10707 1124.17096 1148.39983 1168.10006 1181.60109 1188.04392 1184.25689 1165.54525 1119.71499 1021.73096  975.95864  940.74294  895.94427  870.47649  850.24518  830.80615  807.54951  777.61876  736.61024  684.55751
 678.80320  735.05418  777.73500  810.07145  837.83222  863.61116  888.73437  913.54473  938.04183  961.86282  984.97773 1006.25195 1025.23160 1041.45533 1053.70765 1060.76758 1062.57161 1056.84413 1043.65164 1020.58133  999.95832  978.83749  956.18166  935.17996  914.39082  891.75996  864.98780  830.56535  781.90431  717.09249
 672.64575  730.15736  776.38782  813.02018  844.51658  873.45649  900.80264  927.55892  953.71077  978.51236 1002.26211 1024.16152 1043.74998 1060.17801 1072.96760 1081.27661 1085.04296 1083.85726 1076.96533 1065.93063 1051.19702 1033.59687 1013.58593  991.61554  966.70370  938.28160  903.77502  860.46722  801.90264  727.93657
 638.28569  685.61640  729.78923  765.85063  796.71160  823.95973  848.53289  871.72994  893.17694  913.52007  932.37617  949.34270  964.36140  977.01676  986.52710  992.83333  995.89527  994.96661  990.41180  982.25746  971.26713  957.49461  941.00338  921.86681  898.79441  870.90206  837.02030  794.38825  740.93199  682.67229
 593.98314  609.49304  622.04230  631.67652  640.35135  648.39376  656.12881  663.23427  670.03255  676.52537  682.71156  688.26751  692.86786  697.15749  700.16450  702.53201  703.61097  703.72143  702.86028  700.70206  697.89020  694.09981  689.65230  684.22213  678.12941  670.72563  661.68223  650.34260  634.42189  612.88884
 672.30963  737.63697  796.15890  843.49526  883.70065  919.59156  952.72956  984.41077 1014.90871 1044.12873 1071.20485 1096.38124 1118.76789 1137.46506 1151.60166 1161.09126 1165.11185 1164.03180 1157.07902 1145.04265 1129.15631 1109.10194 1085.76515 1058.91145 1027.99336  990.75040  945.18108  887.85434  814.68049  732.95187
 693.67776  767.73361  829.86171  877.62887  917.58008  953.53213  988.14601 1022.06222 1055.19604 1087.81825 1119.04176 1147.93233 1173.54136 1194.95547 1211.70605 1222.55778 1226.32084 1223.37256 1212.92643 1195.77163 1175.07463 1150.91317 1124.17340 1095.75921 1063.92844 1027.08746  982.05119  923.65052  846.10770  755.15079
 693.03280  765.11233  825.51033  871.46749  909.18771  943.17499  975.38701 1007.54798 1038.88188 1070.05647 1099.84340 1127.33103 1151.59089 1171.70238 1186.79102 1194.82774 1195.38348 1186.08935 1166.19852 1133.52935 1104.23811 1074.89696 1044.09160 1015.95581  988.23987  958.12249  921.93989  874.98320  810.98669  733.49988
 653.87463  694.73604  724.01864  745.34076  763.86025  780.86662  797.99673  814.59989  831.34202  847.56350  862.92069  877.39812  889.95048  900.19607  908.09310  912.22218  911.86068  906.66018  895.62742  877.83633  861.84646  846.60846  830.44146  816.64799  803.87458  790.47066  774.80926  753.99180  722.57983  677.38617
 671.02094  731.77756  784.27339  825.02357  858.40200  888.25804  916.20515  942.87871  968.94383  994.00546 1017.63780 1039.01742 1058.04153 1073.10030 1084.08707 1089.78149 1090.13414 1083.61638 1071.80115 1054.40881 1034.92892 1013.44008  991.46690  968.67963  944.41164  917.34229  883.85847  840.25677  781.75431  713.46697
 644.14490  682.71956  711.61889  733.19308  751.63486  768.88403  785.26529  801.43476  817.06627  832.15592  846.36387  859.67628  871.06049  880.14139  887.22663  891.26340  892.22841  889.77029  884.23822  876.33135  866.41099  855.17185  843.29636  830.78945  817.65494  802.91110  784.93962  761.50137  726.84388  678.75378
 643.81949  682.71853  711.29383  732.86621  751.30545  768.22536  784.93028  800.76716  816.72496  831.81176  846.01683  858.98894  870.36778  879.78442  886.52604  890.55973  891.52277  889.40599  883.87356  875.96726  866.04775  854.80958  842.93558  830.42957  817.29589  802.55236  784.90819  761.14547  726.81110  678.72047
 670.69721  731.12628  783.61257  824.35159  857.71858  887.21951  915.14839  941.80391  967.84945  992.52887 1016.13748 1037.86845 1056.50208 1071.92514 1082.90414 1088.59269 1088.94367 1082.80765 1070.61736 1053.60813 1034.13528 1013.02001  990.69094  967.91243  944.00335  916.93841  883.46019  840.19565  781.69285  713.40447
 653.54954  694.73501  723.69262  745.01270  763.53051  780.53397  797.33174  813.92928  830.66587  846.88044  862.23117  876.70211  889.24896  899.83261  907.38205  911.50795  911.49122  906.29096  895.25948  877.47020  861.81897  846.58099  830.41400  816.95009  803.84811  790.77115  775.10917  754.29095  722.87810  677.36300
 692.38478  764.45576  824.17196  870.09796  907.44046  941.39015  973.56327 1005.31865 1036.60744 1067.73945 1097.10505 1124.55718 1149.18344 1169.27968 1184.35827 1192.78023 1192.94073 1184.03579 1164.14863 1131.88371 1102.60820 1073.66393 1042.87622 1015.12145  987.77494  957.66478  921.48903  874.54057  810.55250  733.38902
 693.03024  766.74944  828.85439  876.59623  916.17448  952.09382  986.31203 1019.81710 1053.28089 1085.48550 1116.67370 1145.53804 1171.12869 1192.92999 1209.66874 1220.51694 1224.66854 1221.72368 1211.27470 1194.50981 1173.81458 1150.04529 1123.69879 1094.90924 1063.46460 1026.63172  981.60563  923.56063  846.01804  755.05987
 672.31014  737.31179  795.82802  843.15690  883.35490  918.88954  952.01232  983.67829 1013.79249 1042.99208 1070.42903 1095.59471 1117.97271 1136.66777 1151.18234 1161.06649 1165.47712 1164.00823 1157.44429 1145.80105 1129.91027 1110.23557 1087.26805 1060.39616 1029.45416  992.18207  946.57667  889.20900  815.66821  733.60254
 594.96528  611.12843  623.35318  633.31414  641.99209  649.71403  657.45214  664.56094  671.68674  678.18365  684.37464  690.25938  695.18962  699.48639  702.82383  705.19939  706.61006  707.05247  706.20076  704.05178  701.24915  697.46800  693.02991  687.93208  681.52782  674.45796  665.42702  653.45609  637.22813  614.74091
 614.89084  639.51124  657.60790  671.84755  684.17964  695.57647  706.68651  717.51134  727.72758  737.98504  747.30954  756.02107  763.79049  770.28422  775.49363  779.08343  781.37216  781.69967  780.06168  777.11002  772.84440  767.26716  760.37925  752.83345  743.98069  733.49950  720.74474  703.78043  679.69938  645.21709
 669.73584  723.64981  764.88941  796.40451  822.65381  847.21457  870.73858  894.23944  917.38490  939.46522  961.15593  980.99704  998.91610 1014.47529 1026.49089 1034.88199 1038.84535 1038.34826 1033.76096 1024.74455 1012.82830  998.43508  981.98594  963.89616  943.16708  919.54099  890.40329  851.63334  797.42751  725.70277
 679.77269  737.33509  781.02973  813.74222  841.21731  867.04456  891.87612  916.38753  940.93062  964.79828  987.95966 1009.64413 1028.66835 1044.92989 1057.21104 1065.04631 1067.61744 1064.52277 1055.03615 1041.11042 1024.32261 1005.84942  986.46896  966.21455  945.11750  921.82243  894.36331  858.54674  805.87276  732.46390
 657.76040  701.87725  734.12696  758.12783  778.37930  797.14454  815.73781  833.83378  852.10526  869.54770  886.48944  901.88578  915.70097  926.84782  935.27332  940.22926  940.62680  936.45750  927.39978  914.56109  900.07185  884.98389  869.64167  854.71314  839.51940  823.39519  804.38030  779.25667  742.29708  690.38663
 663.90109  719.08586  763.54851  797.02874  824.61942  849.54334  873.43989  896.29174  919.12030  940.87387  961.51460  980.63890  997.09570 1010.79839 1020.93486 1026.32544 1026.55191 1021.60699 1010.80126  996.05296  978.89775  960.46983  941.50974  922.03028  902.04118  879.52012  852.19975  815.94244  765.17868  702.05940
 644.46871  683.36838  712.27058  733.84841  752.62014  769.54883  786.26341  802.44120  818.08039  833.51297  847.73254  860.71888  872.11062  881.53999  888.63351  892.67643  893.30237  891.18770  885.65492  877.40610  867.48320  856.24116  844.36282  831.85373  818.38642  803.64090  785.99356  762.22844  727.56945  679.15944
 627.26539  654.15343  672.27401  685.25675  696.98300  707.77550  718.93031  729.80401  740.72274  751.36376  761.40174  770.50549  778.66811  785.22624  790.49613  793.48196  794.83079  793.87960  790.95312  786.05360  780.16543  773.29132  765.75840  757.89328  749.69540  740.83932  730.35617  715.98671  692.90028  656.87711
 644.14490  682.71956  711.61889  733.51847  751.96174  768.88604  785.59578  801.76839  817.40210  832.49459  847.04164  860.02229  871.40864  880.83314  887.58021  891.61908  892.58506  890.12730  884.93561  876.68805  866.76685  855.86260  843.65130  831.14403  818.00868  803.26347  785.29107  761.52798  726.87070  678.78103
 663.57728  718.76051  763.21966  796.36547  823.94775  848.86286  872.40941  895.24720  917.71161  939.44436  960.06452  979.16916  995.97274 1009.66356 1019.42279 1025.17566 1025.39923 1020.45601 1010.02056  995.27745  978.12846  960.06154  941.10491  921.62826  901.64240  879.46270  852.14244  815.88510  765.12095  702.00067
 657.43645  701.22802  733.47353  757.14324  777.38644  796.14391  814.39586  832.47886  850.39933  868.16320  884.74769  900.47081  913.92483  925.40605  933.82158  938.77033  939.16446  935.34558  926.29170  913.45836  899.31755  884.23354  868.89499  853.96962  839.11080  822.98848  804.30243  779.17861  742.21847  690.30677
 679.12533  736.35657  779.71047  812.07303  839.52593  864.98943  889.44664  914.26796  938.42438  962.25063  985.37194 1006.65102 1026.00623 1042.23836 1054.49722 1062.69336 1065.25720 1061.78573 1053.05629 1039.14255 1022.36907 1004.27666  984.91090  965.02582  944.29063  921.00407  893.89368  858.08317  805.41448  732.32959
 669.08784  722.99824  763.90410  795.07738  821.31068  845.51829  869.01890  892.15164  915.26587  937.31468  958.97326  978.78395  996.67488 1012.20911 1024.20459 1032.58048 1036.90661 1036.77785 1031.82109 1023.17952 1011.63684  997.25072  981.16923  963.08629  942.71435  919.09331  889.96010  851.52898  797.32280  725.59646
 614.89137  639.18673  657.60686  671.52237  683.85405  695.24982  706.03442  716.85670  727.39512  737.32585  746.64740  755.35595  763.12240  769.94047  775.14854  779.06443  781.02524  781.35236  780.04071  777.08906  772.82343  767.24619  760.68390  753.13794  744.28604  733.80519  721.05077  704.40895  680.00694  645.52615
 593.65481  609.49198  621.71585  631.67441  640.34925  648.39167  656.12672  663.23220  670.03048  676.52330  682.70951  688.26546  692.86581  697.15544  700.16245  702.52997  703.60893  703.71939  702.85824  700.70002  697.88816  694.09776  689.32698  684.21905  677.80316  670.72151  661.67809  650.01488  634.41665  612.88355
 672.63385  737.63798  796.49034  843.83312  884.38822  920.29484  953.44810  985.14458 1015.65741 1044.89144 1072.35977 1097.55217 1119.56429 1138.26989 1152.40479 1161.89765 1166.31674 1164.84888 1157.88979 1145.85848 1129.58056 1109.90717 1086.18412 1059.32490 1028.03380  990.79046  945.22077  887.89378  814.72000  732.99204
 693.67725  768.06141  830.53133  878.31508  918.28280  954.60712  989.24643 1023.18718 1056.72126 1089.37143 1120.61825 1149.52390 1175.14487 1196.57269 1213.32106 1224.17554 1227.94132 1224.60445 1214.16698 1197.00670 1176.30817 1152.14174 1125.39313 1096.20507 1064.36883 1027.52001  982.11746  923.71614  846.17315  755.21715
 693.03229  765.43991  825.84531  871.80974  909.88518  943.88776  976.47552 1008.29274 1040.01595 1071.21176 1100.63164 1128.51788 1152.78866 1172.90765 1188.00122 1196.04115 1196.20106 1186.91394 1167.01535 1134.34469 1104.66293 1075.69398 1044.50645 1016.36430  988.64263  958.51968  922.32953  875.02983  811.03342  733.54735
 653.87463  694.73604  724.01864  745.34076  763.86025  780.86662  797.66645  814.59889  831.00741  847.22570  862.91771  877.05428  889.60416  900.19111  907.74221  911.87026  911.85375  906.30872  895.27721  877.48790  861.83664  846.59864  830.43165  816.63818  803.53686  790.45986  774.79845  753.98096  722.56890  677.37508
 671.02094  731.77756  784.27339  825.02357  858.74003  888.60197  916.20714  943.23451  969.30539  994.37326 1017.64280 1039.39548 1058.42489 1073.48676 1084.47695 1090.17250 1090.14407 1084.00669 1071.81199 1054.79376 1034.94061 1013.81723  991.47941  968.69206  944.77398  917.35553  884.20917  840.60147  782.09325  713.48332
 644.46871  683.36838  712.59518  734.17484  752.94863  769.87953  786.59655  802.77640  818.75088  833.85483  848.41369  861.40576  872.80292  882.23717  888.99229  893.03674  894.00666  891.55089  886.01735  878.10765  868.18306  856.93909  845.05885  832.21574  819.07786  804.00215  786.35445  762.26391  727.60519  679.19577
 644.46871  683.36838  712.27058  733.84841  752.62014  769.54883  786.26341  802.44120  818.41289  833.51397  847.73353  861.05754  872.45255  881.88381  888.63747  892.68039  893.64933  891.19264  885.65986  877.75073  867.82699  856.58400  844.70471  832.19418  818.72652  803.65170  786.00437  762.23929  727.25804  679.16954
 671.02094  731.77756  784.27339  825.02357  858.74003  888.25903  916.20615  942.87971  968.94483  994.00646 1017.63880 1039.39147 1058.04353 1073.48175 1084.47195 1090.16753 1090.52158 1084.38385 1072.18696 1055.16667 1035.30948 1014.18226  991.84087  969.04872  945.12632  917.70314  884.21390  840.93738  782.09895  713.80943
 653.87410  695.05976  724.01966  745.66730  763.86227  781.19676  797.99973  814.60288  831.34501  847.56648  863.26178  877.40209  889.95444  900.54415  908.44348  912.57472  912.21395  907.01326  896.32170  878.18624  862.53146  847.29045  831.12060  817.32532  804.55068  791.14570  775.48322  754.66449  723.25132  677.73729
 692.38478  764.45576  824.17196  870.09796  907.44046  941.39015  973.56327 1005.31865 1036.98110 1067.74045 1097.10606 1124.94710 1149.18544 1169.67248 1184.36124 1192.78318 1192.94366 1184.03872 1164.15155 1131.88662 1102.99417 1073.66776 1042.88002 1015.12522  987.77867  957.66849  921.49271  874.54423  810.55617  733.39275
 693.03024  766.74944  828.52001  876.25417  915.82371  951.73489  985.94492 1019.44249 1052.89845 1085.09609 1116.27774 1145.13372 1170.72763 1192.12850 1208.86491 1219.71156 1223.86172 1220.91527 1210.46485 1194.09034 1173.39572 1149.24314 1122.90244 1094.50129 1062.68866 1026.23596  981.21938  922.84273  845.65559  754.70553
 671.98642  736.65994  795.16484  842.14421  882.32014  917.83176  950.93175  982.57544 1012.66756 1041.47156 1068.88330 1094.02748 1116.38806 1134.67867 1149.18746 1159.05666 1163.07192 1161.99527 1155.03605 1143.39637 1127.51339 1107.85293 1084.90601 1058.06229 1027.15683  990.28801  944.72921  887.41277  814.57566  732.84531
 593.65535  609.16546  621.38885  631.34694  640.02116  648.06288  655.47332  662.57712  669.37363  675.86460  682.04889  687.60287  692.20121  696.48883  699.81766  701.86036  703.26115  703.37012  702.18488  700.34785  697.53505  693.74423  689.29522  683.86403  677.77024  670.36585  661.64393  649.98056  634.38207  612.84858
 638.28517  685.94005  729.79025  766.50620  797.37484  824.63130  849.54960  872.42032  894.22072  914.57785  933.09621  950.42558  965.09904  977.76143  986.91537  993.22370  995.92402  994.99530  990.07914  981.92573  970.93692  956.81247  940.32648  920.50410  897.44593  869.90572  835.70585  793.09069  740.29103  682.03240
 673.29317  731.13440  777.70588  814.35753  845.87456  875.17696  902.89778  930.04091  955.88063  981.08001 1004.87159 1026.81033 1046.43261 1062.88938 1075.70227 1084.02731 1087.42143 1085.85705 1078.96195 1067.54280 1052.42599 1034.81563 1014.79375  992.09002  967.17216  938.39614  903.88893  860.58078  802.01655  728.05225
 679.45056  736.03248  779.05353  811.73944  839.52294  865.66496  890.81917  915.66248  940.54713  964.76636  987.56548 1009.24382 1028.26315 1044.14676 1056.42139 1063.87421 1065.30890 1059.57881 1045.99845 1022.53411 1001.52883  980.39184  957.36610  936.35241  915.20882  892.57064  865.79067  831.02959  782.36464  717.23181
 692.70801  765.11132  825.17594  871.46550  909.53264  943.88177  976.46952 1008.65390 1040.01093 1070.82639 1100.24082 1127.73274 1151.60488 1171.32536 1185.23093 1191.29157 1187.11121 1168.00579 1122.14755 1023.31851  977.50864  941.91574  896.75263  871.27726  851.04096  831.26859  808.00939  778.07742  737.06816  685.01701
 653.87463  694.73604  723.69364  745.01371  763.20428  780.53397  797.33174  813.92928  830.33180  846.54373  862.22918  876.35937  888.90320  899.48465  907.03129  911.15616  910.79248  905.59259  894.56360  876.77896  861.13123  845.89623  829.73207  816.26988  803.16920  790.09321  774.43229  753.93856  722.84828  677.33271
 663.90109  719.08586  763.87591  797.35967  824.95510  849.88288  873.44387  896.64043  919.12528  940.87885  961.51958  980.64388  997.46526 1011.17111 1020.94183 1026.33240 1026.92828 1021.61490 1011.17526  996.42445  979.26561  960.83501  941.87167  922.38844  902.39627  879.87253  852.54803  816.28669  765.19600  702.39706
 671.34518  731.77857  784.60362  825.35885  859.08165  888.60596  916.55915  943.59281  969.67061  994.38026 1018.01853 1039.77723 1058.81071 1074.25649 1084.87026 1090.95037 1090.92337 1084.78518 1072.58723 1055.18921 1035.70240 1014.57119  992.22489  969.42896  945.15199  917.72866  884.57745  840.96369  782.12541  713.83634
 663.90109  719.08586  763.87591  797.35967  824.95510  849.88288  873.44387  896.64043  919.12528  941.23197  961.87785  981.00708  997.46825 1011.17411 1021.31353 1026.70661 1027.30336 1021.98957 1011.54778  996.79445  979.63317  961.19874  942.23214  922.74629  902.75104  880.22350  852.89597  816.63058  765.53587  702.41470
 653.87410  695.05976  724.01966  745.66730  763.86227  781.19676  797.99973  814.93448  831.34600  847.90388  863.26377  877.74445  890.30039  900.89287  908.44844  912.57967  912.56476  907.36387  896.32859  878.53282  862.87573  847.29929  831.46096  817.66476  804.56146  791.15649  775.49403  754.67533  723.26224  677.74838
 692.38529  764.12879  824.17096  870.09697  908.13327  942.09819  974.64719 1006.42514 1037.73708 1068.51050 1097.88836 1125.35050 1149.20144 1168.90682 1182.80262 1189.24869 1185.07213 1166.35291 1120.51748 1022.49623  976.70568  941.12696  896.32021  870.84874  850.94773  831.17551  807.91633  777.98412  736.97410  684.92131
 678.47848  735.05317  777.73399  810.07045  837.83122  863.27149  888.38956  913.19389  937.68583  961.85783  984.61113 1005.87933 1025.22460 1041.07522 1053.32364 1060.75862 1062.18534 1056.83423 1043.26886 1020.57055  999.94759  978.82683  955.81857  935.16844  914.37935  891.74854  864.97641  830.55397  781.89288  717.08088
 672.64627  729.83203  776.05890  812.35424  843.84038  872.76940  900.44908  927.19932  952.98974  977.77908 1001.51689 1023.40524 1042.98385 1059.40365 1072.18673 1080.49113 1084.25466 1082.68706 1076.17634 1064.76764 1050.04165 1032.81984 1012.81637  990.49489  965.95121  937.19201  903.04439  859.74988  801.19882  727.56123
 637.96110  684.96756  728.81096  765.19013  796.04349  822.94994  847.51011  870.35385  892.12632  912.10803  930.94590  947.89521  962.89800  975.18016  984.67573  990.97128  993.66361  992.73174  988.17852  980.38997  969.40800  955.64609  939.16853  919.70213  896.65148  869.11944  835.25958  792.97397  739.85099  681.91128
 653.19993  710.29227  764.14241  809.21234  848.04922  882.17511  913.14625  942.24239  969.37709  994.81481 1018.46468 1039.86024 1058.89915 1074.34910 1086.11144 1093.73143 1096.39291 1094.45552 1087.54803 1076.47444 1061.30335 1042.88061 1020.94699  995.28482  965.71803  930.36876  887.86162  835.59356  771.35785  702.84540
 690.43771  764.44972  829.50777  882.05286  927.01463  967.85139 1006.09985 1042.66404 1078.12203 1111.92317 1143.87398 1173.01471 1198.39034 1219.89178 1235.89680 1245.98853 1249.39003 1245.71484 1234.92411 1217.40603 1195.92046 1170.51492 1141.32785 1109.30046 1073.52295 1031.73143  981.96025  919.80979  840.78990  750.96686
 679.45005  736.35759  779.38325  812.07303  839.86109  866.00856  891.16796  916.36462  940.90770  965.13285  988.30061 1009.62316 1029.01809 1044.90994 1057.19111 1064.64838 1066.08508 1060.35410 1046.76952 1023.29648 1002.64689  981.49810  958.10607  937.08501  915.93442  893.28926  866.50172  831.73210  782.73407  717.59840
 693.35604  765.76799  826.18078  872.15360  910.23621  944.24704  976.84258 1009.03480 1040.77319 1071.60263 1101.41409 1129.31025 1153.58377 1173.71408 1188.81089 1196.84652 1197.40602 1188.11995 1167.82991 1135.15151 1105.84490 1076.48460 1045.65625 1017.49826  989.76012  959.61891  923.06458  875.74907  811.73645  733.92076
 658.08434  702.20211  734.77944  758.78518  779.04185  797.81265  816.08015  834.51351  852.45483  870.24078  887.19003  902.59364  916.41576  927.91850  936.35095  940.96064  941.71199  937.54185  928.48148  915.29120  901.14078  886.04702  870.36222  855.43055  840.23397  824.10712  805.08944  779.96268  742.99997  690.76809
 653.87463  694.73604  724.01864  745.34076  763.53353  780.53698  797.66445  814.26480  831.00442  847.22271  862.57612  876.71005  889.59919  899.84154  907.39096  911.51685  911.50012  906.29983  895.26834  877.47904  861.82780  846.58981  830.42282  816.62935  803.85595  790.45201  775.11603  754.29784  722.88504  677.69089
 653.87410  695.05976  724.34415  745.66831  764.19056  781.19877  798.33151  814.93748  831.68320  847.90786  863.60646  877.74941  890.64783  900.89882  908.45438  912.93172  912.57167  907.37077  896.33549  878.53970  862.54619  847.30517  831.13531  817.34002  804.56538  791.16041  775.49795  754.67927  723.26620  677.75241
 657.76040  701.87725  734.45244  758.45575  778.70929  797.80765  816.07516  834.50853  852.44986  870.23582  886.84241  902.58769  916.40981  927.91256  936.34501  941.30693  941.70706  937.53693  928.47657  915.63259  901.13688  886.04312  870.69548  855.76282  840.56431  824.43668  805.41759  780.28918  743.00196  691.09120
 693.03280  765.11233  825.51033  871.12674  908.83930  942.81950  975.38401 1007.17743 1038.87786 1069.67294 1099.45372 1127.32501 1151.58489 1172.09380 1186.78609 1195.21466 1195.77123 1186.47747 1166.58600 1134.30397 1105.00522 1076.03260 1044.83912 1017.05693  989.32483  959.19062  922.98742  875.67230  811.65952  733.84261
 678.80268  735.37977  778.06460  810.73682  838.50666  864.29521  889.42873  914.25004  938.75861  962.94828  985.71874 1007.37010 1026.36501 1042.60137 1054.86292 1061.92994 1063.73659 1058.00836 1044.80911 1021.72597 1001.09201  979.95931  956.93760  936.27661  915.13337  892.49549  865.71574  831.28488  782.61503  717.47750
 689.46601  763.13790  827.82996  879.98803  924.54393  964.95650 1002.76581 1039.25174 1074.25855 1107.99364 1139.89643 1168.99575 1194.35081 1215.84864 1231.84303 1241.93800 1245.72501 1242.43261 1231.63912 1214.89644 1193.40999 1168.01075 1139.61384 1107.98702 1072.22831 1030.82994  981.08118  918.95668  840.29098  750.79418
 652.55180  709.31706  762.82888  807.54624  846.01591  880.10337  910.68764  939.38459  966.46691  991.85406 1015.45646 1036.80925 1055.81065 1071.23030 1082.96913 1090.57238 1093.60692 1092.04966 1085.14568 1074.08077 1059.29950 1040.89243 1019.34619  994.06469  964.87011  929.53494  887.04289  835.11990  771.21204  702.37729
 653.19993  710.29227  764.14241  809.54420  848.05022  882.17611  913.49472  942.24439  969.37909  995.18143 1018.83724 1040.23815 1058.90416 1074.73384 1086.49974 1094.12183 1096.78387 1094.84748 1087.93945 1076.86447 1061.69105 1043.26453 1021.32684  995.65968  966.08769  930.73173  888.21728  835.61143  771.69927  702.86471
 673.61740  731.46080  778.03649  814.69245  846.55136  875.52415  903.59635  930.40108  956.60287  981.81470 1005.61826 1027.56806 1047.20015 1063.66511 1076.48446 1084.81406 1088.21084 1086.64728 1079.75097 1068.32872 1053.20707 1035.59054 1015.56120  993.20873  967.92222  939.13537  904.61599  860.96035  802.38939  728.42126
 694.32531  768.71856  831.20414  879.34606  919.33861  955.68837  990.35198 1024.31726 1057.87471 1090.54640 1121.80993 1150.72860 1176.75619 1198.58334 1214.94444 1225.80155 1229.96182 1226.62905 1216.18916 1199.42825 1178.33741 1154.15682 1127.39901 1098.18987 1066.32510 1029.43981  983.99053  925.18670  847.26328  755.96159
 680.42005  738.31322  782.02102  815.07890  842.57230  868.41909  893.27129  918.15277  942.72534  966.98018  990.17650 1011.52626 1030.94661 1047.23330 1059.91126 1067.76199 1070.34230 1066.87032 1057.75148 1043.81079 1027.00182 1008.50556  988.73985  968.46288  947.34294  924.02354  896.19706  860.02052  807.32218  733.25425
 693.35553  766.09563  826.51584  872.83695  910.58789  944.96025  977.57134 1009.41118 1041.15716 1072.37413 1102.19780 1130.10383 1154.38643 1174.91279 1189.62262 1198.05225 1198.22231 1189.32810 1169.03619 1136.34986 1107.03196 1077.65753 1046.44050 1018.27141  990.52214  960.36897  923.80083  876.46945  812.11440  734.29365
 693.03229  765.43991  825.84531  872.15061  910.58091  944.59883  977.56333 1009.40316 1041.14912 1071.98615 1101.80372 1128.92640 1153.19819 1172.92852 1186.84045 1192.90516 1189.12478 1170.01040 1123.74725 1024.84504  978.63999  943.02685  898.17961  872.35338  852.10987  832.33152  809.06681  778.80475  737.47134  685.42183
 693.35553  766.09563  826.51584  872.49596  910.58689  944.95925  977.57033 1009.41018 1041.15615 1072.37313 1102.19680 1130.10282 1154.78152 1174.91280 1190.01444 1198.05324 1198.61504 1189.33006 1169.42779 1136.74058 1107.03582 1078.03898 1046.81689 1018.64179  990.88710  960.37639  924.15278  876.47769  812.12266  734.30204
 680.09638  737.98700  781.69005  814.41148  842.23176  867.73371  892.57557  917.44596  942.00695  966.24991  989.43458 1011.14112 1030.18488 1046.83741 1059.13549 1066.98164 1069.93765 1066.46631 1057.34868 1043.40967 1026.60432 1008.11093  988.70896  968.43218  947.31241  923.99318  896.16684  859.99038  807.29198  733.22361
 693.67725  768.06141  830.19727  877.97217  917.93162  953.89185  988.51461 1022.43900 1055.57994 1088.20977 1119.43849 1148.33156 1174.34128 1196.15773 1212.90517 1223.75908 1227.91613 1224.97755 1214.53458 1197.76580 1177.07294 1152.89723 1126.53375 1097.71407 1065.85624 1028.97907  983.89621  925.09332  847.17015  755.86717
 672.96999  730.48318  776.71831  813.35493  844.85702  873.80184  901.49943  928.26779  954.07609  979.24495 1003.00664 1024.91712 1044.51543 1060.95168 1073.74777 1082.44271 1086.21331 1084.64778 1078.13377 1066.71791 1051.97959 1034.74279 1014.72137  992.37795  967.45649  939.02370  904.50494  861.18380  802.27930  728.30946
 652.87587  709.64264  763.15824  808.21207  846.69381  880.45189  911.39025  940.10034  967.19573  992.59552 1016.20978 1037.94669 1056.58507 1072.39160 1084.13991 1091.74948 1094.78778 1092.84904 1086.32516 1075.25599 1060.46728 1042.05124 1020.49235  995.19668  965.63052  930.62872  888.11479  835.83948  771.59706  702.76057
 638.60974  686.26525  730.11703  766.83680  798.03923  825.30404  850.23116  873.11093  894.92069  915.28717  934.16558  951.15371  966.19293  978.50541  988.02710  994.34185  997.04619  995.75574  991.20027  983.04366  972.04984  957.91844  941.07432  921.59108  898.52257  870.63351  836.42498  793.80159  740.67405  682.41609
 672.95757  738.28993  797.48383  845.18416  885.42664  921.35550  954.88808  986.97827 1017.52775 1046.79738 1074.29699 1099.51591 1121.93683 1140.66120 1154.80996 1164.31260 1168.73827 1167.27396 1160.31525 1148.66789 1132.38267 1112.30899 1088.94423 1061.67813 1030.34991  993.06136  947.43637  889.70890  816.15890  733.76967
 670.38332  724.62598  766.20354  797.73420  824.33322  848.91564  872.80277  896.33350  919.51039  941.97565  963.70343  983.94194 1001.89858 1017.49108 1029.90463 1038.31795 1042.29602 1041.80382 1037.21407 1028.18642 1016.25356 1001.83738  985.36238  966.88801  946.12921  922.12526  892.95368  854.14506  799.24521  726.86001
 694.32480  769.04591  831.87413  880.03286  920.04201  956.40839  991.45283 1025.44265 1059.02343 1091.71532 1123.38496 1152.31830 1178.35751 1200.19154 1216.94876 1227.41705 1231.57993 1228.64853 1218.21286 1201.05665 1180.35418 1156.17254 1129.39898 1100.16911 1068.27730 1030.98844  985.50114  926.65014  848.34509  756.69778
 679.77372  736.68426  780.04226  812.74088  840.87397  867.03560  892.21060  917.42405  942.33792  966.58679  989.77784 1011.12214 1030.53693 1046.81944 1059.11755 1066.20760 1067.64828 1062.29187 1048.69679 1025.20265 1004.16990  983.00518  959.94882  938.90984  917.74172  894.73862  867.60072  832.81818  783.80616  718.34268
 679.77372  736.68426  779.71348  812.73988  840.53711  866.69438  892.20761  917.07302  941.98104  966.22398  989.40862 1010.74748 1030.15790 1046.43623 1058.73047 1066.19664 1067.63735 1061.90461 1048.31162 1024.82122 1004.15625  982.99160  959.58210  938.54624  917.38163  894.72245  867.58460  832.80208  783.78998  718.32625
 694.32531  768.71856  831.53889  879.68921  919.69006  956.04755  990.72006 1025.06423 1058.63723 1091.32281 1122.59784 1151.91666 1177.55510 1199.38569 1216.14744 1227.00652 1231.16880 1227.83853 1217.40115 1200.64156 1179.54958 1155.37085 1128.59835 1099.37675 1067.49598 1030.22179  984.75342  925.92595  847.64638  756.33724
 670.05906  724.30041  765.87448  797.40070  823.99564  848.57371  872.11614  895.63688  918.80328  941.25781  962.97482  983.20300 1001.15023 1016.73440 1029.14110 1037.54935 1041.52430 1041.40375 1036.44269 1027.78700 1015.85553 1001.44252  984.96996  966.49960  946.09469  922.09092  892.58005  853.77655  798.88277  726.82236
 672.95757  738.28993  797.15381  844.84710  885.08158  920.65379  954.17094  985.88270 1016.41044 1045.65847 1073.13934 1098.34236 1121.13873 1139.86115 1154.39472 1164.28587 1168.71167 1167.24747 1160.68430 1149.03658 1133.13365 1113.05557 1090.06412 1063.15933 1031.80763  994.48937  948.47905  890.72051  816.81296  734.41196
 638.60974  686.26525  730.11703  766.50922  797.37784  824.63429  849.55258  872.42330  894.22371  914.58084  933.45008  950.42956  965.46079  978.12670  987.64497  994.32099  997.02536  996.09828  991.54263  983.74464  972.74762  958.96557  942.46395  922.62215  899.54233  871.97816  837.75229  795.11193  741.64989  682.74971
 593.98261  609.81953  622.04336  632.00239  640.67784  648.72097  656.45731  663.56309  670.68627  677.18095  683.04521  688.60214  693.52732  697.49567  700.82700  703.19653  704.27745  704.38984  703.20690  701.37319  698.23972  694.77364  690.00475  684.57558  678.48391  671.08180  662.03912  650.70096  634.78217  613.25213
 615.54307  640.16284  658.58420  672.82614  685.16159  696.56162  707.67465  718.50329  729.04850  739.31173  748.64211  757.35964  765.13502  771.96182  777.17798  781.10082  783.06863  783.40130  782.09429  779.14642  774.88398  769.30943  762.42384  754.55529  745.70502  735.22587  722.47339  705.51196  680.79100  646.31566
 673.60499  739.26877  798.48018  846.53800  886.81034  923.11977  956.69049  988.45644 1019.40572 1048.70968 1076.24042 1101.87114 1124.31736 1143.45490 1158.00919 1167.52461 1171.95899 1170.49952 1163.93735 1151.89124 1135.98228 1115.88779 1092.49181 1065.18403 1033.80150  996.08433  950.03586  891.89603  817.95818  735.22208
 673.94059  732.11211  778.69626  815.69454  847.56920  876.89944  904.64890  931.82338  958.05025  983.28704 1007.48103 1029.45847 1049.11568 1065.60107 1078.81679 1087.16005 1090.94745 1089.38687 1082.48650 1071.05300 1056.28953 1038.64865 1018.22347  995.84170  970.52109  941.69634  907.13428  863.09682  803.83224  729.20666
 690.76092  765.10528  830.51337  883.42863  928.77918  969.66230 1007.95705 1044.93922 1080.44395 1114.28416 1146.65990 1175.81777 1201.59928 1222.72182 1239.12093 1249.21482 1252.62081 1249.34427 1238.57107 1221.05599 1199.57316 1174.16621 1144.95156 1112.88764 1076.67920 1034.82167  984.61019  922.02982  842.60471  752.10291
 673.61689  731.78567  778.36559  815.35895  847.22836  876.55301  904.29718  931.46492  957.68551  982.91663 1006.73756 1029.07546 1048.72717 1065.20848 1078.04072 1086.76093 1090.16502 1088.60359 1081.70437 1070.27389 1055.51504 1037.51007 1017.46165  994.72745  969.77663  940.96274  906.07090  862.38822  803.46400  728.84244
 672.95757  738.28993  797.48383  845.18416  885.76920  921.70625  955.24598  986.98128 1017.53076 1046.80039 1074.68026 1099.90446 1122.32962 1141.06166 1155.60220 1165.10811 1169.53602 1168.07295 1161.50358 1149.46706 1133.17724 1113.09890 1089.72732 1062.82671 1031.48053  993.80970  947.81731  890.07927  816.51872  734.12469
 615.21670  639.83731  658.25825  672.49944  684.83341  696.23238  707.34476  718.17213  728.71598  738.65240  748.30514  757.02171  764.79560  771.62042  776.83524  780.42940  782.72309  783.05431  781.74653  778.79803  774.53560  768.96007  762.07462  754.53028  745.35551  734.87595  722.12301  705.16099  680.76139  646.28562
 594.96528  611.12843  623.67900  633.64046  642.31904  650.36574  657.78166  665.21490  672.01849  678.84025  685.03318  690.59607  695.85118  700.15000  703.48948  705.86705  707.27970  707.72404  706.87422  704.72708  701.92628  698.14697  693.71074  688.29216  682.21155  674.82070  665.79153  654.14497  637.59658  615.11247
 595.29296  611.45587  624.00639  633.96834  642.64755  650.69496  658.43597  665.54679  672.67526  679.49889  685.69378  691.25866  696.51581  700.81668  704.15820  706.53779  707.95242  708.07486  707.22597  705.40340  702.60443  698.82695  694.39258  688.97592  682.57418  675.18497  666.15651  654.51195  637.64155  615.15797
 639.25938  686.91513  731.42133  768.15441  799.37245  826.98740  851.93724  874.83918  896.67242  917.41080  936.31679  953.33094  968.75205  981.44966  990.99413  997.32599 1000.40490  999.11914  994.56123  986.75525  975.38709  961.58909  944.71676  925.20135  901.75377  873.82829  839.24844  796.26482  742.47290  683.57497
 653.52294  711.26602  765.12835  810.54594  849.40744  883.55914  914.90437  944.03399  971.20156  997.03598 1021.09150 1042.52441 1061.59538 1077.45255 1089.23824 1096.87487 1099.92930 1097.99589 1091.08358 1079.99691 1064.80555 1046.35373 1024.38338  998.67620  969.05710  933.30041  890.39587  837.74536  773.15112  703.67017
 653.52346  710.94194  765.12734  810.21350  849.06828  883.21351  914.55264  943.67498  971.19557  996.66555 1020.71445 1042.14203 1061.20895 1076.68151 1088.84409 1096.47866 1099.14777 1097.21359 1090.68372 1079.21997 1064.03258 1045.58703 1023.62480  998.28921  968.32105  932.92526  889.68920  837.05362  772.79450  703.63546
 638.60974  686.26525  730.44233  767.16489  798.37121  825.64021  850.57229  873.79679  895.61593  915.99179  934.87938  951.87616  966.92338  979.60336  989.13300  995.45417  998.16253  997.23701  992.68050  984.51969  973.16209  959.37760  942.52227  922.68023  899.60020  871.69943  837.47785  794.84139  741.38316  682.80525
 593.98261  609.81953  622.04336  632.00239  640.67784  648.72097  656.45731  663.56309  670.68627  677.18095  683.04521  688.60214  693.52732  697.81900  700.82802  703.19755  704.27847  704.39086  703.53160  701.37524  698.56524  694.77671  690.33111  684.90289  678.81221  671.41063  662.36964  650.70928  634.79056  613.26061
